Hawking secondary spectra for each particle type.
energy/particle         photon       electron           nu_e          nu_mu         nu_tau         proton
    1.00000e-06    9.08332e+27    0.00000e+00    7.80788e+20    1.66760e+15    1.60707e+09    0.00000e+00
    1.05200e-06    8.58379e+27    0.00000e+00    1.06769e+21    1.96245e+15    1.77225e+09    0.00000e+00
    1.10700e-06    8.05666e+27    0.00000e+00    1.17166e+21    2.36212e+15    1.95570e+09    0.00000e+00
    1.16400e-06    7.69994e+27    0.00000e+00    1.23961e+21    2.80683e+15    2.15483e+09    0.00000e+00
    1.22500e-06    7.27662e+27    0.00000e+00    1.67764e+21    3.28766e+15    2.37813e+09    0.00000e+00
    1.28900e-06    6.91254e+27    0.00000e+00    1.82507e+21    3.88750e+15    2.62409e+09    0.00000e+00
    1.35600e-06    6.51177e+27    0.00000e+00    1.95107e+21    4.62316e+15    2.89386e+09    0.00000e+00
    1.42700e-06    6.24933e+27    0.00000e+00    2.62409e+21    5.38907e+15    3.19350e+09    0.00000e+00
    1.50100e-06    5.91805e+27    0.00000e+00    2.85850e+21    6.39626e+15    3.52127e+09    0.00000e+00
    1.57900e-06    5.67679e+27    0.00000e+00    3.07759e+21    7.53871e+15    3.88314e+09    0.00000e+00
    1.66100e-06    5.40036e+27    0.00000e+00    4.08721e+21    8.78233e+15    4.28195e+09    0.00000e+00
    1.74800e-06    5.11606e+27    0.00000e+00    4.08402e+21    1.04271e+16    4.72588e+09    0.00000e+00
    1.83900e-06    4.93926e+27    0.00000e+00    5.20316e+21    1.22147e+16    5.21241e+09    0.00000e+00
    1.93500e-06    4.65505e+27    0.00000e+00    6.01322e+21    1.42276e+16    5.75065e+09    0.00000e+00
    2.03500e-06    4.43635e+27    0.00000e+00    6.40020e+21    1.62393e+16    6.33870e+09    0.00000e+00
    2.14100e-06    4.22828e+27    0.00000e+00    8.41649e+21    1.94925e+16    6.99154e+09    0.00000e+00
    2.25300e-06    4.02749e+27    0.00000e+00    9.30688e+21    2.32277e+16    7.71523e+09    0.00000e+00
    2.37000e-06    3.83989e+27    0.00000e+00    9.99144e+21    2.64047e+16    8.50800e+09    0.00000e+00
    2.49300e-06    3.68049e+27    0.00000e+00    1.30219e+22    3.08609e+16    9.38090e+09    0.00000e+00
    2.62300e-06    3.45972e+27    0.00000e+00    1.43872e+22    3.69530e+16    1.03490e+10    0.00000e+00
    2.76000e-06    3.29976e+27    0.00000e+00    1.52572e+22    4.20432e+16    1.14185e+10    0.00000e+00
    2.90400e-06    3.16718e+27    0.00000e+00    2.01347e+22    4.91623e+16    1.25963e+10    0.00000e+00
    3.05500e-06    3.01644e+27    0.00000e+00    2.23939e+22    5.80749e+16    1.38926e+10    0.00000e+00
    3.21400e-06    2.88315e+27    0.00000e+00    2.33440e+22    6.74258e+16    1.53230e+10    0.00000e+00
    3.38100e-06    2.74451e+27    0.00000e+00    3.11594e+22    7.80584e+16    1.68967e+10    0.00000e+00
    3.55700e-06    2.62129e+27    0.00000e+00    3.40009e+22    9.18558e+16    1.86379e+10    0.00000e+00
    3.74200e-06    2.48579e+27    0.00000e+00    3.60613e+22    1.06578e+17    2.05554e+10    0.00000e+00
    3.93700e-06    2.35776e+27    0.00000e+00    4.77201e+22    1.23227e+17    2.26730e+10    0.00000e+00
    4.14200e-06    2.24120e+27    0.00000e+00    5.15249e+22    1.44527e+17    2.50101e+10    0.00000e+00
    4.35800e-06    2.12528e+27    0.00000e+00    5.52016e+22    1.68916e+17    2.75900e+10    0.00000e+00
    4.58500e-06    2.03438e+27    0.00000e+00    7.24447e+22    1.94854e+17    3.04314e+10    0.00000e+00
    4.82400e-06    1.91126e+27    0.00000e+00    7.83105e+22    2.27208e+17    3.35715e+10    0.00000e+00
    5.07500e-06    1.85504e+27    0.00000e+00    8.46009e+22    2.66362e+17    3.70262e+10    0.00000e+00
    5.33900e-06    1.75814e+27    0.00000e+00    1.09895e+23    3.06589e+17    4.08350e+10    0.00000e+00
    5.61700e-06    1.67999e+27    0.00000e+00    1.33260e+23    3.58711e+17    4.50434e+10    0.00000e+00
    5.90900e-06    1.60422e+27    0.00000e+00    2.11886e+23    4.17736e+17    4.96738e+10    0.00000e+00
    6.21700e-06    1.53275e+27    0.00000e+00    2.13978e+23    4.81361e+17    5.47953e+10    0.00000e+00
    6.54100e-06    1.45768e+27    0.00000e+00    1.78004e+23    5.46708e+17    6.04469e+10    0.00000e+00
    6.88100e-06    1.38878e+27    0.00000e+00    2.24195e+23    6.50503e+17    6.66595e+10    0.00000e+00
    7.24000e-06    1.32049e+27    0.00000e+00    2.48876e+23    7.68123e+17    7.35400e+10    0.00000e+00
    7.61700e-06    1.25703e+27    0.00000e+00    2.68241e+23    8.69140e+17    8.11178e+10    0.00000e+00
    8.01300e-06    1.19006e+27    0.00000e+00    3.34355e+23    1.11890e+18    8.94556e+10    0.00000e+00
    8.43000e-06    1.12942e+27    0.00000e+00    3.67941e+23    1.43246e+18    9.86670e+10    0.00000e+00
    8.86900e-06    1.08259e+27    0.00000e+00    3.92534e+23    1.63005e+18    1.08834e+11    0.00000e+00
    9.33100e-06    1.02841e+27    0.00000e+00    4.88906e+23    1.95279e+18    1.20042e+11    0.00000e+00
    9.81700e-06    9.82303e+26    0.00000e+00    5.39033e+23    2.41009e+18    1.32416e+11    0.00000e+00
    1.03300e-05    9.37232e+26    0.00000e+00    5.68683e+23    2.71943e+18    1.46107e+11    0.00000e+00
    1.08700e-05    8.96558e+26    0.00000e+00    6.57195e+23    3.21461e+18    1.61207e+11    0.00000e+00
    1.14300e-05    8.53318e+26    0.00000e+00    7.54102e+23    3.89727e+18    1.77642e+11    0.00000e+00
    1.20300e-05    8.15062e+26    0.00000e+00    7.40278e+23    4.43829e+18    1.96092e+11    0.00000e+00
    1.26500e-05    7.78248e+26    0.00000e+00    8.55972e+23    5.17590e+18    2.16065e+11    0.00000e+00
    1.33100e-05    7.33776e+26    0.00000e+00    9.41015e+23    6.31194e+18    2.38382e+11    0.00000e+00
    1.40100e-05    7.01534e+26    0.00000e+00    1.01465e+24    7.20865e+18    2.63187e+11    0.00000e+00
    1.47300e-05    6.65058e+26    0.00000e+00    1.23957e+24    8.45534e+18    2.89920e+11    0.00000e+00
    1.55000e-05    6.34381e+26    0.00000e+00    1.36025e+24    1.02990e+19    3.19922e+11    0.00000e+00
    1.63100e-05    6.05956e+26    0.00000e+00    1.63705e+24    1.18000e+19    3.52992e+11    0.00000e+00
    1.71600e-05    5.77338e+26    0.00000e+00    1.97114e+24    1.36522e+19    3.89368e+11    0.00000e+00
    1.80500e-05    5.51454e+26    0.00000e+00    1.97455e+24    1.66491e+19    4.29337e+11    0.00000e+00
    1.89900e-05    5.26890e+26    0.00000e+00    2.21915e+24    1.92237e+19    4.73555e+11    0.00000e+00
    1.99800e-05    5.01906e+26    0.00000e+00    2.43963e+24    2.21783e+19    5.22383e+11    0.00000e+00
    2.10200e-05    4.79550e+26    0.00000e+00    2.63577e+24    2.62561e+19    5.76198e+11    0.00000e+00
    2.21200e-05    4.51562e+26    0.00000e+00    3.24728e+24    3.07768e+19    6.35833e+11    0.00000e+00
    2.32700e-05    4.31313e+26    0.00000e+00    3.41075e+24    3.59035e+19    7.01218e+11    0.00000e+00
    2.44800e-05    4.12392e+26    0.00000e+00    3.83738e+24    4.10679e+19    7.73373e+11    0.00000e+00
    2.57500e-05    3.90560e+26    0.00000e+00    4.20339e+24    4.86163e+19    8.52696e+11    0.00000e+00
    2.70900e-05    3.73250e+26    0.00000e+00    4.51908e+24    5.84690e+19    9.40491e+11    0.00000e+00
    2.85000e-05    3.53580e+26    0.00000e+00    4.72734e+24    6.57064e+19    1.03735e+12    0.00000e+00
    2.99900e-05    3.37582e+26    0.00000e+00    5.37269e+24    7.74359e+19    1.14458e+12    0.00000e+00
    3.15500e-05    3.22717e+26    0.00000e+00    5.91657e+24    9.26504e+19    1.26240e+12    0.00000e+00
    3.31900e-05    3.08597e+26    0.00000e+00    6.50096e+24    1.04577e+20    1.39223e+12    0.00000e+00
    3.49200e-05    2.92781e+26    0.00000e+00    6.79408e+24    1.22498e+20    1.53569e+12    0.00000e+00
    3.67400e-05    2.79245e+26    0.00000e+00    7.54705e+24    1.46404e+20    1.69411e+12    0.00000e+00
    3.86500e-05    2.63451e+26    0.00000e+00    8.20390e+24    1.66193e+20    1.86834e+12    0.00000e+00
    4.06600e-05    2.51473e+26    0.00000e+00    8.89775e+24    1.93943e+20    2.06039e+12    0.00000e+00
    4.27800e-05    2.41585e+26    0.00000e+00    9.55537e+24    2.31995e+20    2.27307e+12    0.00000e+00
    4.50100e-05    2.30469e+26    0.00000e+00    1.05274e+25    2.63217e+20    2.50747e+12    0.00000e+00
    4.73500e-05    2.19161e+26    0.00000e+00    1.13599e+25    3.05226e+20    2.76516e+12    0.00000e+00
    4.98200e-05    2.07155e+26    0.00000e+00    1.22732e+25    3.64770e+20    3.05072e+12    0.00000e+00
    5.24100e-05    1.98564e+26    0.00000e+00    1.33549e+25    4.18035e+20    3.36440e+12    0.00000e+00
    5.51400e-05    1.87709e+26    0.00000e+00    1.40465e+25    4.80380e+20    3.71092e+12    0.00000e+00
    5.80100e-05    1.80240e+26    0.00000e+00    1.53648e+25    5.74218e+20    4.09324e+12    0.00000e+00
    6.10300e-05    1.72660e+26    0.00000e+00    1.64556e+25    6.56871e+20    4.51468e+12    0.00000e+00
    6.42100e-05    1.62877e+26    0.00000e+00    1.76750e+25    7.54786e+20    4.97991e+12    0.00000e+00
    6.75600e-05    1.55473e+26    0.00000e+00    1.93183e+25    8.82406e+20    5.49416e+12    0.00000e+00
    7.10700e-05    1.48722e+26    0.00000e+00    2.04628e+25    1.02773e+21    6.05860e+12    0.00000e+00
    7.47700e-05    1.40388e+26    0.00000e+00    2.19716e+25    1.19095e+21    6.68250e+12    0.00000e+00
    7.86700e-05    1.34426e+26    0.00000e+00    2.32080e+25    1.35598e+21    7.37233e+12    0.00000e+00
    8.27600e-05    1.28915e+26    0.00000e+00    2.52878e+25    1.59021e+21    8.13017e+12    0.00000e+00
    8.70700e-05    1.21733e+26    0.00000e+00    2.67350e+25    1.88997e+21    8.96784e+12    0.00000e+00
    9.16100e-05    1.16431e+26    0.00000e+00    2.85062e+25    2.11380e+21    9.89316e+12    0.00000e+00
    9.63800e-05    1.11082e+26    0.00000e+00    2.98877e+25    2.47051e+21    1.09116e+13    0.00000e+00
    1.01400e-04    1.06374e+26    0.00000e+00    3.18489e+25    2.92572e+21    1.20362e+13    0.00000e+00
    1.06700e-04    1.02286e+26    0.00000e+00    3.37377e+25    3.28569e+21    1.32811e+13    0.00000e+00
    1.12200e-04    9.72611e+25    0.00000e+00    3.58477e+25    3.81800e+21    1.46341e+13    0.00000e+00
    1.18100e-04    9.21843e+25    0.00000e+00    3.75504e+25    4.53436e+21    1.61575e+13    0.00000e+00
    1.24200e-04    8.80265e+25    0.00000e+00    3.95347e+25    5.14839e+21    1.78083e+13    0.00000e+00
    1.30700e-04    8.35311e+25    0.00000e+00    4.14724e+25    6.04981e+21    1.96509e+13    0.00000e+00
    1.37500e-04    7.93979e+25    0.00000e+00    4.33685e+25    9.07605e+21    2.16746e+13    0.00000e+00
    1.44700e-04    7.54799e+25    0.00000e+00    4.58614e+25    1.01893e+22    2.39202e+13    0.00000e+00
    1.52200e-04    7.19132e+25    0.00000e+00    4.77273e+25    9.97042e+21    2.63706e+13    0.00000e+00
    1.60100e-04    6.81531e+25    0.00000e+00    4.98891e+25    1.13295e+22    2.90802e+13    0.00000e+00
    1.68400e-04    6.52199e+25    0.00000e+00    5.20671e+25    1.30677e+22    3.20619e+13    0.00000e+00
    1.77200e-04    6.25477e+25    0.00000e+00    5.38512e+25    1.51950e+22    3.53748e+13    0.00000e+00
    1.86400e-04    5.92930e+25    0.00000e+00    5.59380e+25    1.80428e+22    3.90101e+13    0.00000e+00
    1.96100e-04    5.59633e+25    0.00000e+00    5.76054e+25    2.08951e+22    4.30249e+13    0.00000e+00
    2.06400e-04    5.34538e+25    0.00000e+00    5.95513e+25    2.66772e+22    4.74946e+13    0.00000e+00
    2.17100e-04    5.10546e+25    0.00000e+00    6.09140e+25    3.19097e+22    5.23677e+13    0.00000e+00
    2.28400e-04    4.89994e+25    0.00000e+00    6.21503e+25    3.44025e+22    5.77580e+13    0.00000e+00
    2.40300e-04    4.64985e+25    0.00000e+00    6.34853e+25    4.61189e+22    6.37100e+13    0.00000e+00
    2.52800e-04    4.40341e+25    0.00000e+00    6.48986e+25    4.74576e+22    7.02688e+13    0.00000e+00
    2.66000e-04    4.21588e+25    0.00000e+00    6.54831e+25    5.23297e+22    7.75247e+13    0.00000e+00
    2.79800e-04    4.01709e+25    0.00000e+00    6.67910e+25    6.33128e+22    8.54803e+13    0.00000e+00
    2.94400e-04    3.81077e+25    0.00000e+00    6.71306e+25    6.89334e+22    9.43073e+13    0.00000e+00
    3.09700e-04    3.63048e+25    0.00000e+00    6.74591e+25    8.52833e+22    1.03997e+14    0.00000e+00
    3.25900e-04    3.48647e+25    0.00000e+00    6.72020e+25    9.78997e+22    1.14762e+14    0.00000e+00
    3.42800e-04    3.32336e+25    0.00000e+00    6.68696e+25    1.09033e+23    1.26537e+14    0.00000e+00
    3.60700e-04    3.14350e+25    0.00000e+00    6.66996e+25    1.29604e+23    1.39600e+14    0.00000e+00
    3.79500e-04    3.00178e+25    0.00000e+00    6.55323e+25    1.41907e+23    1.54000e+14    0.00000e+00
    3.99200e-04    2.87148e+25    0.00000e+00    6.49048e+25    1.57394e+23    1.69815e+14    0.00000e+00
    4.20000e-04    2.72748e+25    0.00000e+00    6.35770e+25    1.87473e+23    1.87307e+14    0.00000e+00
    4.41900e-04    2.59759e+25    0.00000e+00    6.20426e+25    2.05258e+23    2.06639e+14    0.00000e+00
    4.64900e-04    2.48974e+25    0.00000e+00    6.04070e+25    2.33497e+23    2.27916e+14    0.00000e+00
    4.89100e-04    2.34521e+25    5.74832e+24    5.81685e+25    2.59452e+23    2.51366e+14    0.00000e+00
    5.14500e-04    2.23496e+25    4.24969e+25    5.63951e+25    2.80586e+23    2.77208e+14    0.00000e+00
    5.41300e-04    2.13135e+25    4.93008e+25    5.39207e+25    3.18113e+23    3.05771e+14    0.00000e+00
    5.69500e-04    2.02701e+25    5.27134e+25    5.13029e+25    3.43335e+23    3.37263e+14    0.00000e+00
    5.99200e-04    1.92975e+25    5.48588e+25    4.89365e+25    3.92154e+23    3.72082e+14    0.00000e+00
    6.30400e-04    1.84387e+25    5.54008e+25    4.62474e+25    4.39641e+23    4.10403e+14    0.00000e+00
    6.63200e-04    1.74958e+25    5.51402e+25    4.34790e+25    4.90322e+23    4.52624e+14    0.00000e+00
    6.97700e-04    1.67045e+25    5.45222e+25    4.02347e+25    5.28092e+23    4.99229e+14    0.00000e+00
    7.34100e-04    1.58475e+25    5.32389e+25    3.75315e+25    5.93371e+23    5.50742e+14    0.00000e+00
    7.72300e-04    1.52070e+25    5.13101e+25    3.49124e+25    6.44893e+23    6.07418e+14    0.00000e+00
    8.12500e-04    1.45747e+25    4.90410e+25    3.20419e+25    7.07189e+23    6.69995e+14    0.00000e+00
    8.54800e-04    1.37851e+25    4.67954e+25    2.93207e+25    7.87949e+23    7.38972e+14    0.00000e+00
    8.99300e-04    1.31404e+25    4.38641e+25    2.69433e+25    8.42760e+23    8.15068e+14    0.00000e+00
    9.46100e-04    1.25329e+25    4.13469e+25    2.44453e+25    9.40292e+23    8.99008e+14    0.00000e+00
    9.95400e-04    1.19721e+25    3.86335e+25    2.21841e+25    1.00623e+24    9.91639e+14    0.00000e+00
    1.04700e-03    1.13670e+25    3.58878e+25    2.02095e+25    1.11089e+24    1.09333e+15    0.00000e+00
    1.10200e-03    1.08288e+25    3.28688e+25    1.81630e+25    1.22070e+24    1.20700e+15    0.00000e+00
    1.15900e-03    1.03433e+25    3.01643e+25    1.64862e+25    1.34135e+24    1.33041e+15    0.00000e+00
    1.21900e-03    9.93272e+24    2.74392e+25    1.48098e+25    1.44001e+24    1.46669e+15    0.00000e+00
    1.28300e-03    9.38854e+24    2.49298e+25    1.33845e+25    1.59202e+24    1.61907e+15    0.00000e+00
    1.35000e-03    8.99777e+24    2.25271e+25    1.20304e+25    1.73121e+24    1.78624e+15    0.00000e+00
    1.42000e-03    8.47416e+24    2.04404e+25    1.08593e+25    1.89636e+24    1.96953e+15    0.00000e+00
    1.49400e-03    8.09371e+24    1.84125e+25    9.95482e+24    2.03118e+24    2.17259e+15    0.00000e+00
    1.57200e-03    7.70477e+24    1.66488e+25    9.00921e+24    2.21624e+24    2.39682e+15    0.00000e+00
    1.65400e-03    7.29297e+24    1.49387e+25    8.24373e+24    2.40809e+24    2.64432e+15    0.00000e+00
    1.74000e-03    7.04916e+24    1.35399e+25    7.57715e+24    2.60706e+24    2.91630e+15    0.00000e+00
    1.83000e-03    6.68105e+24    1.21259e+25    7.01891e+24    2.81896e+24    3.21444e+15    0.00000e+00
    1.92600e-03    6.40399e+24    1.09906e+25    6.57804e+24    3.03251e+24    3.54830e+15    0.00000e+00
    2.02600e-03    6.17188e+24    9.96878e+24    6.24670e+24    3.27426e+24    3.91269e+15    0.00000e+00
    2.13100e-03    5.86823e+24    9.06616e+24    5.92551e+24    3.52497e+24    4.31359e+15    0.00000e+00
    2.24200e-03    5.65210e+24    8.33283e+24    5.70352e+24    3.79921e+24    4.75834e+15    0.00000e+00
    2.35900e-03    5.37755e+24    7.58896e+24    5.53888e+24    4.08064e+24    5.24948e+15    0.00000e+00
    2.48200e-03    5.14166e+24    7.03230e+24    5.42768e+24    4.36596e+24    5.79077e+15    0.00000e+00
    2.61100e-03    4.93307e+24    6.50018e+24    5.33880e+24    4.68100e+24    6.38645e+15    0.00000e+00
    2.74700e-03    4.71752e+24    6.12168e+24    5.31251e+24    5.00305e+24    7.04430e+15    0.00000e+00
    2.89000e-03    4.54880e+24    5.78492e+24    5.33806e+24    5.33321e+24    7.76960e+15    0.00000e+00
    3.04100e-03    4.39531e+24    5.55786e+24    5.38167e+24    5.65390e+24    8.57308e+15    0.00000e+00
    3.19900e-03    4.23459e+24    5.38843e+24    5.47328e+24    6.02675e+24    9.45382e+15    0.00000e+00
    3.36600e-03    4.12535e+24    5.24999e+24    5.58378e+24    6.40336e+24    1.04302e+16    0.00000e+00
    3.54100e-03    3.97657e+24    5.16879e+24    5.70222e+24    6.79201e+24    1.15032e+16    0.00000e+00
    3.72500e-03    3.83860e+24    5.12368e+24    5.88699e+24    7.21332e+24    1.26850e+16    0.00000e+00
    3.91900e-03    3.75119e+24    5.13830e+24    6.06045e+24    7.61128e+24    1.39922e+16    0.00000e+00
    4.12300e-03    3.64430e+24    5.18708e+24    6.26399e+24    8.05242e+24    1.54334e+16    0.00000e+00
    4.33800e-03    3.53000e+24    5.25001e+24    6.46454e+24    8.47370e+24    1.70245e+16    0.00000e+00
    4.56400e-03    3.43435e+24    5.34031e+24    6.72683e+24    8.89254e+24    1.87798e+16    0.00000e+00
    4.80100e-03    3.37173e+24    5.43316e+24    6.90446e+24    9.34780e+24    2.07091e+16    0.00000e+00
    5.05100e-03    3.31922e+24    5.58537e+24    7.15874e+24    9.79285e+24    2.28408e+16    0.00000e+00
    5.31400e-03    3.29337e+24    5.72999e+24    7.38284e+24    1.02211e+25    2.51949e+16    0.00000e+00
    5.59100e-03    3.24097e+24    5.91764e+24    7.61550e+24    1.06981e+25    2.77931e+16    0.00000e+00
    5.88200e-03    3.22306e+24    6.05677e+24    7.86521e+24    1.11335e+25    3.06524e+16    0.00000e+00
    6.18800e-03    3.19393e+24    6.26402e+24    8.10306e+24    1.16307e+25    3.38093e+16    0.00000e+00
    6.51100e-03    3.19930e+24    6.44667e+24    8.34852e+24    1.20867e+25    3.73003e+16    0.00000e+00
    6.85000e-03    3.18228e+24    6.62160e+24    8.59184e+24    1.25616e+25    4.11397e+16    0.00000e+00
    7.20600e-03    3.19769e+24    6.82843e+24    8.80620e+24    1.30510e+25    4.53720e+16    0.00000e+00
    7.58200e-03    3.21820e+24    7.02016e+24    9.01043e+24    1.34928e+25    2.79676e+19    0.00000e+00
    7.97600e-03    3.23414e+24    7.21240e+24    9.23664e+24    1.39355e+25    2.69612e+19    0.00000e+00
    8.39200e-03    3.26454e+24    7.40217e+24    9.45889e+24    1.43744e+25    1.23349e+18    0.00000e+00
    8.82900e-03    3.32673e+24    7.61173e+24    9.64532e+24    1.48004e+25    2.23325e+18    0.00000e+00
    9.28800e-03    3.36109e+24    7.79919e+24    9.83530e+24    1.52227e+25    3.02167e+18    0.00000e+00
    9.77200e-03    3.42397e+24    7.97917e+24    1.00628e+25    1.56674e+25    2.85676e+18    0.00000e+00
    1.02800e-02    3.48493e+24    8.16117e+24    1.02118e+25    1.60955e+25    3.65047e+18    0.00000e+00
    1.08200e-02    3.55212e+24    8.32601e+24    1.03739e+25    1.64819e+25    5.44747e+18    0.00000e+00
    1.13800e-02    3.63549e+24    8.48444e+24    1.05179e+25    1.68320e+25    6.09243e+18    0.00000e+00
    1.19700e-02    3.70690e+24    8.63491e+24    1.06621e+25    1.71913e+25    1.00504e+19    0.00000e+00
    1.26000e-02    3.80406e+24    8.77554e+24    1.07944e+25    1.75409e+25    1.19877e+19    0.00000e+00
    1.32500e-02    3.90362e+24    8.92087e+24    1.09190e+25    1.77987e+25    1.04458e+19    0.00000e+00
    1.39400e-02    4.00359e+24    9.06189e+24    1.10068e+25    1.80990e+25    1.38374e+19    0.00000e+00
    1.46700e-02    4.10196e+24    9.15624e+24    1.10868e+25    1.83629e+25    1.97480e+19    0.00000e+00
    1.54300e-02    4.22149e+24    9.28329e+24    1.11470e+25    1.86270e+25    2.33262e+19    0.00000e+00
    1.62300e-02    4.33380e+24    9.35984e+24    1.12073e+25    1.88484e+25    3.09912e+19    0.00000e+00
    1.70800e-02    4.44044e+24    9.44870e+24    1.12789e+25    1.90317e+25    3.78359e+19    0.00000e+00
    1.79700e-02    4.56157e+24    9.51583e+24    1.12894e+25    1.92030e+25    4.64512e+19    0.00000e+00
    1.89000e-02    4.68826e+24    9.58081e+24    1.12959e+25    1.93370e+25    6.29239e+19    0.00000e+00
    1.98900e-02    4.80522e+24    9.62344e+24    1.12986e+25    1.94350e+25    7.06675e+19    0.00000e+00
    2.09200e-02    4.93944e+24    9.65720e+24    1.12777e+25    1.95234e+25    9.25163e+19    0.00000e+00
    2.20100e-02    5.06918e+24    9.67804e+24    1.12493e+25    1.95910e+25    1.06347e+20    0.00000e+00
    2.31600e-02    5.19401e+24    9.68017e+24    1.11858e+25    1.96202e+25    1.22680e+20    0.00000e+00
    2.43700e-02    5.33782e+24    9.68827e+24    1.11445e+25    1.96191e+25    1.50995e+20    0.00000e+00
    2.56300e-02    5.46246e+24    9.65294e+24    1.10476e+25    1.95920e+25    1.81626e+20    0.00000e+00
    2.69700e-02    5.59988e+24    9.62165e+24    1.09617e+25    1.94985e+25    2.28820e+20    0.00000e+00
    2.83700e-02    5.72459e+24    9.56756e+24    1.08488e+25    1.94143e+25    2.40523e+20    0.00000e+00
    2.98500e-02    5.85182e+24    9.51745e+24    1.07360e+25    1.92886e+25    3.50403e+20    0.00000e+00
    3.14000e-02    5.97625e+24    9.43325e+24    1.06144e+25    1.91368e+25    4.02443e+20    0.00000e+00
    3.30400e-02    6.10357e+24    9.35380e+24    1.04560e+25    1.89629e+25    3.82265e+20    0.00000e+00
    3.47600e-02    6.19773e+24    9.25390e+24    1.02980e+25    1.87230e+25    4.04179e+20    0.00000e+00
    3.65700e-02    6.32176e+24    9.15208e+24    1.01259e+25    1.85037e+25    4.66773e+20    0.00000e+00
    3.84700e-02    6.49008e+24    9.01104e+24    9.93472e+24    1.82069e+25    5.70934e+20    0.00000e+00
    4.04800e-02    6.56278e+24    8.89002e+24    9.72601e+24    1.79385e+25    6.16508e+20    0.00000e+00
    4.25900e-02    6.61104e+24    8.75646e+24    9.51977e+24    1.76240e+25    6.89223e+20    0.00000e+00
    4.48000e-02    6.66192e+24    8.60324e+24    9.30014e+24    1.72861e+25    8.52444e+20    0.00000e+00
    4.71400e-02    6.68448e+24    8.43292e+24    9.07441e+24    1.69297e+25    1.00446e+21    0.00000e+00
    4.95900e-02    6.68732e+24    8.25766e+24    8.84653e+24    1.65474e+25    1.14442e+21    0.00000e+00
    5.21700e-02    6.64822e+24    8.06305e+24    8.59391e+24    1.61442e+25    1.24656e+21    0.00000e+00
    5.48900e-02    6.52126e+24    7.89067e+24    8.35319e+24    1.57378e+25    1.46753e+21    0.00000e+00
    5.77500e-02    6.47784e+24    7.69357e+24    8.09210e+24    1.53196e+25    1.49053e+21    0.00000e+00
    6.07500e-02    6.43837e+24    7.48363e+24    7.83459e+24    1.48621e+25    1.49647e+21    0.00000e+00
    6.39200e-02    6.32391e+24    7.27256e+24    7.57865e+24    1.44077e+25    1.65072e+21    0.00000e+00
    6.72400e-02    6.25582e+24    7.05499e+24    7.29857e+24    1.39409e+25    1.79399e+21    0.00000e+00
    7.07500e-02    6.14934e+24    6.84003e+24    7.04020e+24    1.34890e+25    1.84838e+21    0.00000e+00
    7.44300e-02    6.05758e+24    6.62347e+24    6.77731e+24    1.30027e+25    1.94158e+21    0.00000e+00
    7.83000e-02    5.93876e+24    6.39553e+24    6.50421e+24    1.25302e+25    2.09913e+21    0.00000e+00
    8.23800e-02    5.82405e+24    6.16880e+24    6.24089e+24    1.20482e+25    2.33816e+21    0.00000e+00
    8.66700e-02    5.69732e+24    5.93470e+24    5.97634e+24    1.15672e+25    2.47305e+21    0.00000e+00
    9.11800e-02    5.57144e+24    5.70558e+24    5.70149e+24    1.10845e+25    2.65153e+21    0.00000e+00
    9.59300e-02    5.43569e+24    5.47798e+24    5.43981e+24    1.05955e+25    2.70977e+21    0.00000e+00
    1.00900e-01    5.29737e+24    5.24383e+24    5.17955e+24    1.01160e+25    2.81039e+21    0.00000e+00
    1.06200e-01    5.15975e+24    5.00956e+24    4.91884e+24    9.64375e+24    2.95129e+21    0.00000e+00
    1.11700e-01    5.00789e+24    4.78425e+24    4.67488e+24    9.16799e+24    3.07892e+21    0.00000e+00
    1.17500e-01    4.87246e+24    4.55877e+24    4.42055e+24    8.71481e+24    3.10021e+21    0.00000e+00
    1.23600e-01    4.71175e+24    4.33628e+24    4.18384e+24    8.26339e+24    3.43133e+21    0.00000e+00
    1.30100e-01    4.55711e+24    4.11442e+24    3.94151e+24    7.80813e+24    3.52133e+21    0.00000e+00
    1.36900e-01    4.40106e+24    3.89138e+24    3.71966e+24    7.37596e+24    3.46078e+21    0.00000e+00
    1.44000e-01    4.24005e+24    3.68873e+24    3.49455e+24    6.95443e+24    3.64604e+21    0.00000e+00
    1.51500e-01    4.07443e+24    3.47939e+24    3.27861e+24    6.53822e+24    3.89600e+21    0.00000e+00
    1.59400e-01    3.91417e+24    3.28270e+24    3.07124e+24    6.13784e+24    3.88856e+21    0.00000e+00
    1.67700e-01    3.75022e+24    3.08363e+24    2.86862e+24    5.74710e+24    3.95233e+21    0.00000e+00
    1.76400e-01    3.58437e+24    2.89740e+24    2.67302e+24    5.37057e+24    4.01195e+21    0.00000e+00
    1.85600e-01    3.42268e+24    2.70872e+24    2.48867e+24    5.01013e+24    4.14862e+21    0.00000e+00
    1.95200e-01    3.25991e+24    2.52936e+24    2.31325e+24    4.66463e+24    4.19570e+21    0.00000e+00
    2.05400e-01    3.09993e+24    2.35860e+24    2.14463e+24    4.32611e+24    4.10789e+21    0.00000e+00
    2.16100e-01    2.94326e+24    2.19389e+24    1.98446e+24    4.01531e+24    4.22562e+21    0.00000e+00
    2.27400e-01    2.78797e+24    2.03700e+24    1.82996e+24    3.71349e+24    4.03568e+21    0.00000e+00
    2.39200e-01    2.63304e+24    1.88836e+24    1.68343e+24    3.42158e+24    4.14696e+21    0.00000e+00
    2.51700e-01    2.48498e+24    1.74671e+24    1.54601e+24    3.14951e+24    4.02884e+21    0.00000e+00
    2.64800e-01    2.34101e+24    1.61120e+24    1.41769e+24    2.89378e+24    4.01058e+21    0.00000e+00
    2.78500e-01    2.20095e+24    1.48200e+24    1.29443e+24    2.65356e+24    3.99401e+21    0.00000e+00
    2.93000e-01    2.06355e+24    1.36181e+24    1.17941e+24    2.42498e+24    3.87596e+21    0.00000e+00
    3.08300e-01    1.93042e+24    1.24575e+24    1.07357e+24    2.21455e+24    3.83563e+21    0.00000e+00
    3.24400e-01    1.80156e+24    1.13989e+24    9.74792e+23    2.01564e+24    3.96363e+21    0.00000e+00
    3.41200e-01    1.67974e+24    1.04012e+24    8.82289e+23    1.82853e+24    3.73772e+21    0.00000e+00
    3.59000e-01    1.56340e+24    9.46509e+23    7.97418e+23    1.65523e+24    3.73288e+21    0.00000e+00
    3.77700e-01    1.45062e+24    8.57608e+23    7.17984e+23    1.49546e+24    3.65298e+21    0.00000e+00
    3.97400e-01    1.34176e+24    7.77279e+23    6.47118e+23    1.34763e+24    3.63109e+21    0.00000e+00
    4.18100e-01    1.23982e+24    7.01698e+23    5.79591e+23    1.21135e+24    3.58417e+21    0.00000e+00
    4.39800e-01    1.14163e+24    6.31902e+23    5.18026e+23    1.08897e+24    3.41584e+21    0.00000e+00
    4.62700e-01    1.05003e+24    5.67373e+23    4.61428e+23    9.73234e+23    3.35952e+21    0.00000e+00
    4.86800e-01    9.60786e+23    5.08347e+23    4.10970e+23    8.69546e+23    3.47125e+21    0.00000e+00
    5.12200e-01    8.80028e+23    4.54492e+23    3.64954e+23    7.74793e+23    3.37226e+21    0.00000e+00
    5.38800e-01    8.01287e+23    4.04731e+23    3.23027e+23    6.88401e+23    3.37233e+21    0.00000e+00
    5.66900e-01    7.28670e+23    3.59804e+23    2.85840e+23    6.10127e+23    3.28675e+21    0.00000e+00
    5.96400e-01    6.60775e+23    3.19075e+23    2.51451e+23    5.39444e+23    3.23105e+21    0.00000e+00
    6.27500e-01    5.97550e+23    2.82637e+23    2.20484e+23    4.75604e+23    3.24202e+21    0.00000e+00
    6.60100e-01    5.39357e+23    2.48675e+23    1.93954e+23    4.19108e+23    3.13282e+21    0.00000e+00
    6.94500e-01    4.84902e+23    2.19396e+23    1.69130e+23    3.67063e+23    3.05319e+21    0.00000e+00
    7.30700e-01    4.35584e+23    1.92468e+23    1.47726e+23    3.21374e+23    3.02314e+21    0.00000e+00
    7.68700e-01    3.89396e+23    1.68259e+23    1.28707e+23    2.80627e+23    2.92640e+21    0.00000e+00
    8.08800e-01    3.48433e+23    1.46885e+23    1.11715e+23    2.44392e+23    2.89648e+21    0.00000e+00
    8.50900e-01    3.10118e+23    1.27850e+23    9.64843e+22    2.11979e+23    2.77598e+21    0.00000e+00
    8.95200e-01    2.75701e+23    1.10971e+23    8.34675e+22    1.83812e+23    2.72419e+21    2.94188e+22
    9.41800e-01    2.44085e+23    9.57178e+22    7.18832e+22    1.58530e+23    2.61942e+21    1.21466e+23
    9.90800e-01    2.15722e+23    8.27605e+22    6.17574e+22    1.36897e+23    2.49058e+21    1.35835e+23
    1.04200e+00    1.90403e+23    7.13580e+22    5.28749e+22    1.17505e+23    2.41697e+21    1.30752e+23
    1.09700e+00    1.67596e+23    6.13784e+22    4.52750e+22    1.00985e+23    2.30949e+21    1.19779e+23
    1.15400e+00    1.47195e+23    5.26359e+22    3.86346e+22    8.62408e+22    2.21509e+21    1.07575e+23
    1.21400e+00    1.28779e+23    4.53362e+22    3.28633e+22    7.32468e+22    2.13712e+21    9.49742e+22
    1.27700e+00    1.12715e+23    3.87132e+22    2.80831e+22    6.24220e+22    2.09520e+21    8.34596e+22
    1.34400e+00    9.81002e+22    3.31865e+22    2.39583e+22    5.32543e+22    2.02800e+21    7.32571e+22
    1.41400e+00    8.53891e+22    2.84557e+22    2.03396e+22    4.50316e+22    1.95230e+21    6.39459e+22
    1.48700e+00    7.42390e+22    2.44759e+22    1.73657e+22    3.79547e+22    1.94301e+21    5.56194e+22
    1.56500e+00    6.40896e+22    2.09689e+22    1.46886e+22    3.21117e+22    1.93474e+21    4.84986e+22
    1.64600e+00    5.54489e+22    1.81082e+22    1.25224e+22    2.71775e+22    1.93884e+21    4.21236e+22
    1.73200e+00    4.79506e+22    1.56911e+22    1.07248e+22    2.27725e+22    1.96123e+21    3.64129e+22
    1.82200e+00    4.13929e+22    1.37452e+22    9.17639e+21    1.91631e+22    2.02280e+21    3.14086e+22
    1.91700e+00    3.55821e+22    1.20936e+22    7.92325e+21    1.61753e+22    2.09691e+21    2.70322e+22
    2.01700e+00    3.07795e+22    1.08144e+22    6.88265e+21    1.37585e+22    2.18330e+21    2.31081e+22
    2.12200e+00    2.64435e+22    9.74531e+21    6.06669e+21    1.17009e+22    2.29951e+21    1.96425e+22
    2.23200e+00    2.27644e+22    8.97049e+21    5.41869e+21    1.00636e+22    2.42297e+21    1.67546e+22
    2.34800e+00    1.97236e+22    8.41397e+21    4.95987e+21    8.71215e+21    2.56504e+21    1.41039e+22
    2.47000e+00    1.70275e+22    8.04522e+21    4.60621e+21    7.62581e+21    2.73111e+21    1.18903e+22
    2.59900e+00    1.47977e+22    7.84621e+21    4.36917e+21    6.73477e+21    2.91255e+21    9.84512e+21
    2.73400e+00    1.27332e+22    7.78797e+21    4.23750e+21    6.14923e+21    3.10691e+21    8.10345e+21
    2.87700e+00    1.10589e+22    7.86216e+21    4.19869e+21    5.68861e+21    3.32421e+21    6.67243e+21
    3.02700e+00    9.60897e+21    8.01081e+21    4.20778e+21    5.38214e+21    3.54721e+21    5.42595e+21
    3.18400e+00    8.33529e+21    8.24060e+21    4.26149e+21    5.18066e+21    3.77137e+21    4.36454e+21
    3.35000e+00    7.21886e+21    8.52561e+21    4.36023e+21    5.06099e+21    4.00116e+21    3.46030e+21
    3.52400e+00    6.22228e+21    8.81579e+21    4.48750e+21    5.02371e+21    4.22127e+21    2.73426e+21
    3.70800e+00    5.31350e+21    9.11126e+21    4.60922e+21    5.00907e+21    4.41902e+21    2.11552e+21
    3.90100e+00    4.63696e+21    9.35994e+21    4.71537e+21    5.00778e+21    4.58010e+21    1.60879e+21
    4.10400e+00    4.16984e+21    9.50669e+21    4.77754e+21    4.99523e+21    4.68354e+21    1.21694e+21
    4.31800e+00    3.79087e+21    9.51651e+21    4.77824e+21    4.93041e+21    4.70902e+21    9.08989e+20
    4.54300e+00    3.49181e+21    9.34333e+21    4.68429e+21    4.79573e+21    4.63733e+21    6.62305e+20
    4.77900e+00    3.19476e+21    8.96262e+21    4.48866e+21    4.56819e+21    4.45722e+21    4.80107e+20
    5.02800e+00    2.94648e+21    8.36202e+21    4.18572e+21    4.24165e+21    4.16426e+21    3.37381e+20
    5.29000e+00    2.71059e+21    7.56375e+21    3.78580e+21    3.82274e+21    3.77078e+21    2.41299e+20
    5.56500e+00    2.53553e+21    6.62533e+21    3.31467e+21    3.34021e+21    3.30497e+21    1.63320e+20
    5.85500e+00    2.34866e+21    5.60925e+21    2.80600e+21    2.82324e+21    2.79984e+21    1.10848e+20
    6.16000e+00    2.15580e+21    4.59602e+21    2.29882e+21    2.31005e+21    2.29489e+21    7.62715e+19
    6.48100e+00    1.92576e+21    3.64850e+21    1.82468e+21    1.83166e+21    1.82219e+21    5.04098e+19
    6.81800e+00    1.68815e+21    2.81748e+21    1.40903e+21    1.41373e+21    1.40752e+21    3.27867e+19
    7.17300e+00    1.41770e+21    2.12280e+21    1.06157e+21    1.06454e+21    1.06064e+21    2.17421e+19
    7.54700e+00    1.17025e+21    1.56735e+21    7.83733e+20    7.85638e+20    7.83235e+20    1.40320e+19
    7.94000e+00    8.93485e+20    1.14551e+21    5.72800e+20    5.73881e+20    5.72509e+20    8.75633e+18
    8.35300e+00    6.62881e+20    8.35253e+20    4.17615e+20    4.18325e+20    4.17473e+20    5.56507e+18
    8.78800e+00    4.70411e+20    6.11621e+20    3.05818e+20    3.06193e+20    3.05738e+20    3.25736e+18
    9.24600e+00    3.30643e+20    4.53689e+20    2.26850e+20    2.27057e+20    2.26804e+20    1.95937e+18
    9.72700e+00    2.25548e+20    3.37697e+20    1.68849e+20    1.68973e+20    1.68826e+20    1.12193e+18
    1.02300e+01    1.55929e+20    2.46653e+20    1.23326e+20    1.23391e+20    1.23316e+20    5.97622e+17
    1.07700e+01    9.83565e+19    1.71741e+20    8.58710e+19    8.59003e+19    8.58660e+19    3.27369e+17
    1.13300e+01    6.46482e+19    1.13118e+20    5.65581e+19    5.65749e+19    5.65565e+19    1.74692e+17
    1.19200e+01    4.36690e+19    6.93890e+19    3.46941e+19    3.47017e+19    3.46935e+19    9.56677e+16
    1.25400e+01    2.82295e+19    4.12120e+19    2.06060e+19    2.06098e+19    2.06057e+19    4.37339e+16
    1.31900e+01    1.83183e+19    2.34634e+19    1.17316e+19    1.17330e+19    1.17315e+19    2.19069e+16
    1.38800e+01    1.00099e+19    1.32213e+19    6.61062e+18    6.61136e+18    6.61060e+18    1.06802e+16
    1.46000e+01    5.46304e+18    7.64961e+18    3.82480e+18    3.82502e+18    3.82480e+18    4.27466e+15
    1.53600e+01    2.88438e+18    4.33901e+18    2.16950e+18    2.16959e+18    2.16950e+18    1.63042e+15
    1.61600e+01    1.46460e+18    2.36148e+18    1.18074e+18    1.18076e+18    1.18074e+18    5.00272e+14
    1.70000e+01    7.17720e+17    1.17396e+18    5.86981e+17    5.86982e+17    5.86981e+17    1.78307e+14
    1.78900e+01    3.56679e+17    5.34752e+17    2.67376e+17    2.67377e+17    2.67376e+17    4.10181e+13
    1.88200e+01    1.57049e+17    2.39165e+17    1.19582e+17    1.19582e+17    1.19582e+17    3.58087e+12
    1.98000e+01    5.69053e+16    1.06181e+17    5.30904e+16    5.30904e+16    5.30904e+16    4.53783e+11
    2.08300e+01    4.77408e+16    9.45979e+16    4.72989e+16    4.72989e+16    4.72989e+16    0.00000e+00
    2.19100e+01    5.02161e+16    9.95026e+16    4.97513e+16    4.97513e+16    4.97513e+16    0.00000e+00
    2.30500e+01    5.28289e+16    1.04680e+17    5.23399e+16    5.23399e+16    5.23399e+16    0.00000e+00
    2.42500e+01    5.55792e+16    1.10130e+17    5.50648e+16    5.50648e+16    5.50648e+16    0.00000e+00
    2.55200e+01    5.84900e+16    1.15897e+17    5.79486e+16    5.79486e+16    5.79486e+16    0.00000e+00
    2.68400e+01    6.15153e+16    1.21892e+17    6.09459e+16    6.09459e+16    6.09459e+16    0.00000e+00
    2.82400e+01    6.47240e+16    1.28250e+17    6.41249e+16    6.41249e+16    6.41249e+16    0.00000e+00
    2.97100e+01    6.80932e+16    1.34926e+17    6.74629e+16    6.74629e+16    6.74629e+16    0.00000e+00
    3.12600e+01    7.16457e+16    1.41965e+17    7.09825e+16    7.09825e+16    7.09825e+16    0.00000e+00
    3.28900e+01    7.53815e+16    1.49367e+17    7.46837e+16    7.46837e+16    7.46837e+16    0.00000e+00
    3.46000e+01    7.93007e+16    1.57133e+17    7.85666e+16    7.85666e+16    7.85666e+16    0.00000e+00
    3.64000e+01    8.34262e+16    1.65308e+17    8.26539e+16    8.26539e+16    8.26539e+16    0.00000e+00
    3.83000e+01    8.77808e+16    1.73937e+17    8.69683e+16    8.69683e+16    8.69683e+16    0.00000e+00
    4.02900e+01    9.23418e+16    1.82974e+17    9.14870e+16    9.14870e+16    9.14870e+16    0.00000e+00
    4.23900e+01    9.71548e+16    1.92511e+17    9.62555e+16    9.62555e+16    9.62555e+16    0.00000e+00
    4.46000e+01    1.02220e+17    2.02548e+17    1.01274e+17    1.01274e+17    1.01274e+17    0.00000e+00
    4.69200e+01    1.07537e+17    2.13084e+17    1.06542e+17    1.06542e+17    1.06542e+17    0.00000e+00
    4.93600e+01    1.13130e+17    2.24165e+17    1.12082e+17    1.12082e+17    1.12082e+17    0.00000e+00
    5.19300e+01    1.19020e+17    2.35836e+17    1.17918e+17    1.17918e+17    1.17918e+17    0.00000e+00
    5.46400e+01    1.25231e+17    2.48143e+17    1.24072e+17    1.24072e+17    1.24072e+17    0.00000e+00
    5.74800e+01    1.31740e+17    2.61041e+17    1.30521e+17    1.30521e+17    1.30521e+17    0.00000e+00
    6.04700e+01    1.38593e+17    2.74620e+17    1.37310e+17    1.37310e+17    1.37310e+17    0.00000e+00
    6.36200e+01    1.45812e+17    2.88925e+17    1.44463e+17    1.44463e+17    1.44463e+17    0.00000e+00
    6.69300e+01    1.53399e+17    3.03958e+17    1.51979e+17    1.51979e+17    1.51979e+17    0.00000e+00
    7.04200e+01    1.61398e+17    3.19807e+17    1.59904e+17    1.59904e+17    1.59904e+17    0.00000e+00
    7.40900e+01    1.69809e+17    3.36474e+17    1.68237e+17    1.68237e+17    1.68237e+17    0.00000e+00
    7.79400e+01    1.78633e+17    3.53959e+17    1.76979e+17    1.76979e+17    1.76979e+17    0.00000e+00
    8.20000e+01    1.87938e+17    3.72397e+17    1.86198e+17    1.86198e+17    1.86198e+17    0.00000e+00
    8.62700e+01    1.97725e+17    3.91789e+17    1.95894e+17    1.95894e+17    1.95894e+17    0.00000e+00
    9.07600e+01    2.08015e+17    4.12180e+17    2.06090e+17    2.06090e+17    2.06090e+17    0.00000e+00
    9.54900e+01    2.18856e+17    4.33661e+17    2.16830e+17    2.16830e+17    2.16830e+17    0.00000e+00
    1.00500e+02    2.30339e+17    4.56413e+17    2.28207e+17    2.28207e+17    2.28207e+17    0.00000e+00
    1.05700e+02    2.42257e+17    4.80029e+17    2.40014e+17    2.40014e+17    2.40014e+17    0.00000e+00
    1.11200e+02    2.54862e+17    5.05006e+17    2.52503e+17    2.52503e+17    2.52503e+17    0.00000e+00
    1.17000e+02    2.68156e+17    5.31347e+17    2.65673e+17    2.65673e+17    2.65673e+17    0.00000e+00
    1.23100e+02    2.82136e+17    5.59049e+17    2.79525e+17    2.79525e+17    2.79525e+17    0.00000e+00
    1.29500e+02    2.96805e+17    5.88114e+17    2.94057e+17    2.94057e+17    2.94057e+17    0.00000e+00
    1.36200e+02    3.12161e+17    6.18542e+17    3.09271e+17    3.09271e+17    3.09271e+17    0.00000e+00
    1.43300e+02    3.28433e+17    6.50786e+17    3.25393e+17    3.25393e+17    3.25393e+17    0.00000e+00
    1.50800e+02    3.45623e+17    6.84847e+17    3.42423e+17    3.42423e+17    3.42423e+17    0.00000e+00
    1.58600e+02    3.63500e+17    7.20270e+17    3.60135e+17    3.60135e+17    3.60135e+17    0.00000e+00
    1.66900e+02    3.82523e+17    7.57964e+17    3.78982e+17    3.78982e+17    3.78982e+17    0.00000e+00
    1.75600e+02    4.02462e+17    7.97474e+17    3.98737e+17    3.98737e+17    3.98737e+17    0.00000e+00
    1.84700e+02    4.23319e+17    8.38801e+17    4.19401e+17    4.19401e+17    4.19401e+17    0.00000e+00
    1.94300e+02    4.45322e+17    8.82399e+17    4.41199e+17    4.41199e+17    4.41199e+17    0.00000e+00
    2.04500e+02    4.68699e+17    9.28721e+17    4.64361e+17    4.64361e+17    4.64361e+17    0.00000e+00
    2.15100e+02    4.92994e+17    9.76860e+17    4.88430e+17    4.88430e+17    4.88430e+17    0.00000e+00
    2.26300e+02    5.18663e+17    1.02772e+18    5.13862e+17    5.13862e+17    5.13862e+17    0.00000e+00
    2.38100e+02    5.45708e+17    1.08131e+18    5.40657e+17    5.40657e+17    5.40657e+17    0.00000e+00
    2.50500e+02    5.74128e+17    1.13763e+18    5.68813e+17    5.68813e+17    5.68813e+17    0.00000e+00
    2.63500e+02    6.03923e+17    1.19667e+18    5.98333e+17    5.98333e+17    5.98333e+17    0.00000e+00
    2.77300e+02    6.35551e+17    1.25934e+18    6.29668e+17    6.29668e+17    6.29668e+17    0.00000e+00
    2.91700e+02    6.68555e+17    1.32473e+18    6.62367e+17    6.62367e+17    6.62367e+17    0.00000e+00
    3.06900e+02    7.03393e+17    1.39376e+18    6.96882e+17    6.96882e+17    6.96882e+17    0.00000e+00
    3.22900e+02    7.40063e+17    1.46643e+18    7.33213e+17    7.33213e+17    7.33213e+17    0.00000e+00
    3.39700e+02    7.78568e+17    1.54272e+18    7.71361e+17    7.71361e+17    7.71361e+17    0.00000e+00
    3.57400e+02    8.19135e+17    1.62311e+18    8.11553e+17    8.11553e+17    8.11553e+17    0.00000e+00
    3.76000e+02    8.61765e+17    1.70758e+18    8.53788e+17    8.53788e+17    8.53788e+17    0.00000e+00
    3.95500e+02    9.06457e+17    1.79613e+18    8.98067e+17    8.98067e+17    8.98067e+17    0.00000e+00
    4.16100e+02    9.53671e+17    1.88969e+18    9.44843e+17    9.44843e+17    9.44843e+17    0.00000e+00
    4.37800e+02    1.00341e+18    1.98824e+18    9.94118e+17    9.94118e+17    9.94118e+17    0.00000e+00
    4.60600e+02    1.05566e+18    2.09178e+18    1.04589e+18    1.04589e+18    1.04589e+18    0.00000e+00
    4.84600e+02    1.11067e+18    2.20077e+18    1.10039e+18    1.10039e+18    1.10039e+18    0.00000e+00
    5.09800e+02    1.16842e+18    2.31522e+18    1.15761e+18    1.15761e+18    1.15761e+18    0.00000e+00
    5.36400e+02    1.22939e+18    2.43602e+18    1.21801e+18    1.21801e+18    1.21801e+18    0.00000e+00
    5.64300e+02    1.29333e+18    2.56273e+18    1.28136e+18    1.28136e+18    1.28136e+18    0.00000e+00
    5.93700e+02    1.36072e+18    2.69624e+18    1.34812e+18    1.34812e+18    1.34812e+18    0.00000e+00
    6.24600e+02    1.43154e+18    2.83657e+18    1.41829e+18    1.41829e+18    1.41829e+18    0.00000e+00
    6.57100e+02    1.50603e+18    2.98417e+18    1.49208e+18    1.49208e+18    1.49208e+18    0.00000e+00
    6.91300e+02    1.58441e+18    3.13949e+18    1.56974e+18    1.56974e+18    1.56974e+18    0.00000e+00
    7.27300e+02    1.66692e+18    3.30298e+18    1.65149e+18    1.65149e+18    1.65149e+18    0.00000e+00
    7.65200e+02    1.75378e+18    3.47510e+18    1.73755e+18    1.73755e+18    1.73755e+18    0.00000e+00
    8.05000e+02    1.84500e+18    3.65585e+18    1.82792e+18    1.82792e+18    1.82792e+18    0.00000e+00
    8.46900e+02    1.94103e+18    3.84613e+18    1.92307e+18    1.92307e+18    1.92307e+18    0.00000e+00
    8.91000e+02    2.04211e+18    4.04641e+18    2.02320e+18    2.02320e+18    2.02320e+18    0.00000e+00
    9.37400e+02    2.14845e+18    4.25713e+18    2.12857e+18    2.12857e+18    2.12857e+18    0.00000e+00
    9.86300e+02    2.26053e+18    4.47921e+18    2.23960e+18    2.23960e+18    2.23960e+18    0.00000e+00
    1.03800e+03    2.37902e+18    4.71400e+18    2.35700e+18    2.35700e+18    2.35700e+18    0.00000e+00
    1.09200e+03    2.50278e+18    4.95924e+18    2.47962e+18    2.47962e+18    2.47962e+18    0.00000e+00
    1.14800e+03    2.63113e+18    5.21356e+18    2.60678e+18    2.60678e+18    2.60678e+18    0.00000e+00
    1.20800e+03    2.76865e+18    5.48604e+18    2.74302e+18    2.74302e+18    2.74302e+18    0.00000e+00
    1.27100e+03    2.91304e+18    5.77215e+18    2.88608e+18    2.88608e+18    2.88608e+18    0.00000e+00
    1.33700e+03    3.06431e+18    6.07188e+18    3.03594e+18    3.03594e+18    3.03594e+18    0.00000e+00
    1.40700e+03    3.22474e+18    6.38978e+18    3.19489e+18    3.19489e+18    3.19489e+18    0.00000e+00
    1.48000e+03    3.39205e+18    6.72131e+18    3.36065e+18    3.36065e+18    3.36065e+18    0.00000e+00
    1.55700e+03    3.56853e+18    7.07100e+18    3.53550e+18    3.53550e+18    3.53550e+18    0.00000e+00
    1.63800e+03    3.75418e+18    7.43885e+18    3.71943e+18    3.71943e+18    3.71943e+18    0.00000e+00
    1.72400e+03    3.95128e+18    7.82942e+18    3.91471e+18    3.91471e+18    3.91471e+18    0.00000e+00
    1.81400e+03    4.15756e+18    8.23814e+18    4.11907e+18    4.11907e+18    4.11907e+18    0.00000e+00
    1.90800e+03    4.37300e+18    8.66504e+18    4.33252e+18    4.33252e+18    4.33252e+18    0.00000e+00
    2.00700e+03    4.59990e+18    9.11464e+18    4.55732e+18    4.55732e+18    4.55732e+18    0.00000e+00
    2.11200e+03    4.84055e+18    9.59149e+18    4.79574e+18    4.79574e+18    4.79574e+18    0.00000e+00
    2.22200e+03    5.09266e+18    1.00910e+19    5.04552e+18    5.04552e+18    5.04552e+18    0.00000e+00
    2.33700e+03    5.35623e+18    1.06133e+19    5.30665e+18    5.30665e+18    5.30665e+18    0.00000e+00
    2.45900e+03    5.63585e+18    1.11674e+19    5.58368e+18    5.58368e+18    5.58368e+18    0.00000e+00
    2.58700e+03    5.92922e+18    1.17487e+19    5.87433e+18    5.87433e+18    5.87433e+18    0.00000e+00
    2.72200e+03    6.23863e+18    1.23618e+19    6.18088e+18    6.18088e+18    6.18088e+18    0.00000e+00
    2.86400e+03    6.56408e+18    1.30066e+19    6.50332e+18    6.50332e+18    6.50332e+18    0.00000e+00
    3.01300e+03    6.90558e+18    1.36833e+19    6.84166e+18    6.84166e+18    6.84166e+18    0.00000e+00
    3.17000e+03    7.26541e+18    1.43963e+19    7.19816e+18    7.19816e+18    7.19816e+18    0.00000e+00
    3.33500e+03    7.64358e+18    1.51457e+19    7.57283e+18    7.57283e+18    7.57283e+18    0.00000e+00
    3.50800e+03    8.04008e+18    1.59313e+19    7.96566e+18    7.96566e+18    7.96566e+18    0.00000e+00
    3.69100e+03    8.45950e+18    1.67624e+19    8.38120e+18    8.38120e+18    8.38120e+18    0.00000e+00
    3.88300e+03    8.89955e+18    1.76344e+19    8.81718e+18    8.81718e+18    8.81718e+18    0.00000e+00
    4.08500e+03    9.36252e+18    1.85517e+19    9.27586e+18    9.27586e+18    9.27586e+18    0.00000e+00
    4.29800e+03    9.85070e+18    1.95190e+19    9.75952e+18    9.75952e+18    9.75952e+18    0.00000e+00
    4.52200e+03    1.03641e+19    2.05363e+19    1.02682e+19    1.02682e+19    1.02682e+19    0.00000e+00
    4.75700e+03    1.09027e+19    2.16036e+19    1.08018e+19    1.08018e+19    1.08018e+19    0.00000e+00
    5.00500e+03    1.14711e+19    2.27298e+19    1.13649e+19    1.13649e+19    1.13649e+19    0.00000e+00
    5.26600e+03    1.20693e+19    2.39151e+19    1.19576e+19    1.19576e+19    1.19576e+19    0.00000e+00
    5.54000e+03    1.26973e+19    2.51595e+19    1.25797e+19    1.25797e+19    1.25797e+19    0.00000e+00
    5.82800e+03    1.33574e+19    2.64674e+19    1.32337e+19    1.32337e+19    1.32337e+19    0.00000e+00
    6.13200e+03    1.40541e+19    2.78480e+19    1.39240e+19    1.39240e+19    1.39240e+19    0.00000e+00
    6.45100e+03    1.47852e+19    2.92967e+19    1.46484e+19    1.46484e+19    1.46484e+19    0.00000e+00
    6.78700e+03    1.55553e+19    3.08226e+19    1.54113e+19    1.54113e+19    1.54113e+19    0.00000e+00
    7.14000e+03    1.63644e+19    3.24258e+19    1.62129e+19    1.62129e+19    1.62129e+19    0.00000e+00
    7.51200e+03    1.72170e+19    3.41152e+19    1.70576e+19    1.70576e+19    1.70576e+19    0.00000e+00
    7.90300e+03    1.81131e+19    3.58909e+19    1.79454e+19    1.79454e+19    1.79454e+19    0.00000e+00
    8.31500e+03    1.90574e+19    3.77619e+19    1.88810e+19    1.88810e+19    1.88810e+19    0.00000e+00
    8.74800e+03    2.00498e+19    3.97284e+19    1.98642e+19    1.98642e+19    1.98642e+19    0.00000e+00
    9.20300e+03    2.10926e+19    4.17947e+19    2.08974e+19    2.08974e+19    2.08974e+19    0.00000e+00
    9.68200e+03    2.21904e+19    4.39701e+19    2.19850e+19    2.19850e+19    2.19850e+19    0.00000e+00
    1.01900e+04    2.33547e+19    4.62771e+19    2.31386e+19    2.31386e+19    2.31386e+19    0.00000e+00
    1.07200e+04    2.45695e+19    4.86841e+19    2.43420e+19    2.43420e+19    2.43420e+19    0.00000e+00
    1.12700e+04    2.58300e+19    5.11819e+19    2.55909e+19    2.55909e+19    2.55909e+19    0.00000e+00
    1.18600e+04    2.71823e+19    5.38613e+19    2.69306e+19    2.69306e+19    2.69306e+19    0.00000e+00
    1.24800e+04    2.86033e+19    5.66770e+19    2.83385e+19    2.83385e+19    2.83385e+19    0.00000e+00
    1.31300e+04    3.00930e+19    5.96289e+19    2.98145e+19    2.98145e+19    2.98145e+19    0.00000e+00
    1.38100e+04    3.16515e+19    6.27171e+19    3.13585e+19    3.13585e+19    3.13585e+19    0.00000e+00
    1.45300e+04    3.33017e+19    6.59869e+19    3.29934e+19    3.29934e+19    3.29934e+19    0.00000e+00
    1.52900e+04    3.50436e+19    6.94384e+19    3.47192e+19    3.47192e+19    3.47192e+19    0.00000e+00
    1.60800e+04    3.68542e+19    7.30261e+19    3.65131e+19    3.65131e+19    3.65131e+19    0.00000e+00
    1.69200e+04    3.87794e+19    7.68409e+19    3.84205e+19    3.84205e+19    3.84205e+19    0.00000e+00
    1.78000e+04    4.07963e+19    8.08374e+19    4.04187e+19    4.04187e+19    4.04187e+19    0.00000e+00
    1.87300e+04    4.29278e+19    8.50609e+19    4.25304e+19    4.25304e+19    4.25304e+19    0.00000e+00
    1.97100e+04    4.51739e+19    8.95115e+19    4.47557e+19    4.47557e+19    4.47557e+19    0.00000e+00
    2.07300e+04    4.75117e+19    9.41437e+19    4.70719e+19    4.70719e+19    4.70719e+19    0.00000e+00
    2.18100e+04    4.99869e+19    9.90485e+19    4.95242e+19    4.95242e+19    4.95242e+19    0.00000e+00
    2.29500e+04    5.25997e+19    1.04226e+20    5.21128e+19    5.21128e+19    5.21128e+19    0.00000e+00
    2.41400e+04    5.53271e+19    1.09630e+20    5.48150e+19    5.48150e+19    5.48150e+19    0.00000e+00
    2.54000e+04    5.82150e+19    1.15352e+20    5.76761e+19    5.76761e+19    5.76761e+19    0.00000e+00
    2.67200e+04    6.12403e+19    1.21347e+20    6.06734e+19    6.06734e+19    6.06734e+19    0.00000e+00
    2.81100e+04    6.44261e+19    1.27659e+20    6.38297e+19    6.38297e+19    6.38297e+19    0.00000e+00
    2.95800e+04    6.77952e+19    1.34335e+20    6.71677e+19    6.71677e+19    6.71677e+19    0.00000e+00
    3.11200e+04    7.13248e+19    1.41329e+20    7.06646e+19    7.06646e+19    7.06646e+19    0.00000e+00
    3.27400e+04    7.50377e+19    1.48686e+20    7.43431e+19    7.43431e+19    7.43431e+19    0.00000e+00
    3.44400e+04    7.89340e+19    1.56407e+20    7.82033e+19    7.82033e+19    7.82033e+19    0.00000e+00
    3.62300e+04    8.30365e+19    1.64536e+20    8.22679e+19    8.22679e+19    8.22679e+19    0.00000e+00
    3.81200e+04    8.73683e+19    1.73119e+20    8.65595e+19    8.65595e+19    8.65595e+19    0.00000e+00
    4.01100e+04    9.19292e+19    1.82157e+20    9.10783e+19    9.10783e+19    9.10783e+19    0.00000e+00
    4.21900e+04    9.66964e+19    1.91603e+20    9.58013e+19    9.58013e+19    9.58013e+19    0.00000e+00
    4.43900e+04    1.01739e+20    2.01594e+20    1.00797e+20    1.00797e+20    1.00797e+20    0.00000e+00
    4.67000e+04    1.07033e+20    2.12085e+20    1.06042e+20    1.06042e+20    1.06042e+20    0.00000e+00
    4.91300e+04    1.12602e+20    2.23120e+20    1.11560e+20    1.11560e+20    1.11560e+20    0.00000e+00
    5.16900e+04    1.18470e+20    2.34746e+20    1.17373e+20    1.17373e+20    1.17373e+20    0.00000e+00
    5.43800e+04    1.24635e+20    2.46963e+20    1.23481e+20    1.23481e+20    1.23481e+20    0.00000e+00
    5.72200e+04    1.31144e+20    2.59860e+20    1.29930e+20    1.29930e+20    1.29930e+20    0.00000e+00
    6.01900e+04    1.37951e+20    2.73348e+20    1.36674e+20    1.36674e+20    1.36674e+20    0.00000e+00
    6.33300e+04    1.45148e+20    2.87608e+20    1.43804e+20    1.43804e+20    1.43804e+20    0.00000e+00
    6.66300e+04    1.52711e+20    3.02595e+20    1.51298e+20    1.51298e+20    1.51298e+20    0.00000e+00
    7.01000e+04    1.60664e+20    3.18354e+20    1.59177e+20    1.59177e+20    1.59177e+20    0.00000e+00
    7.37500e+04    1.69030e+20    3.34930e+20    1.67465e+20    1.67465e+20    1.67465e+20    0.00000e+00
    7.75900e+04    1.77831e+20    3.52369e+20    1.76185e+20    1.76185e+20    1.76185e+20    0.00000e+00
    8.16300e+04    1.87090e+20    3.70716e+20    1.85358e+20    1.85358e+20    1.85358e+20    0.00000e+00
    8.58800e+04    1.96831e+20    3.90018e+20    1.95009e+20    1.95009e+20    1.95009e+20    0.00000e+00
    9.03500e+04    2.07076e+20    4.10318e+20    2.05159e+20    2.05159e+20    2.05159e+20    0.00000e+00
    9.50500e+04    2.17848e+20    4.31662e+20    2.15831e+20    2.15831e+20    2.15831e+20    0.00000e+00
    1.00000e+05    2.29193e+20    4.54142e+20    2.27071e+20    2.27071e+20    2.27071e+20    0.00000e+00
