Hawking secondary spectra for each particle type.
energy/particle         photon       electron           nu_e          nu_mu         nu_tau         proton
    1.00000e-06    7.30941e+25    0.00000e+00    4.34565e+22    1.42394e+17    1.37226e+11    0.00000e+00
    1.05200e-06    6.94553e+25    0.00000e+00    5.43962e+22    1.67571e+17    1.51330e+11    0.00000e+00
    1.10700e-06    6.63505e+25    0.00000e+00    5.69529e+22    2.01698e+17    1.66994e+11    0.00000e+00
    1.16400e-06    6.30626e+25    0.00000e+00    6.01571e+22    2.39671e+17    1.83998e+11    0.00000e+00
    1.22500e-06    5.99677e+25    0.00000e+00    7.21711e+22    2.80728e+17    2.03065e+11    0.00000e+00
    1.28900e-06    5.72685e+25    0.00000e+00    7.46480e+22    3.31590e+17    2.24068e+11    0.00000e+00
    1.35600e-06    5.44505e+25    0.00000e+00    8.11690e+22    3.94083e+17    2.47103e+11    0.00000e+00
    1.42700e-06    5.18636e+25    0.00000e+00    9.48588e+22    4.59348e+17    2.72688e+11    0.00000e+00
    1.50100e-06    4.94046e+25    0.00000e+00    9.96626e+22    5.45373e+17    3.00677e+11    0.00000e+00
    1.57900e-06    4.70067e+25    0.00000e+00    1.12011e+23    6.42867e+17    3.31576e+11    0.00000e+00
    1.66100e-06    4.48194e+25    0.00000e+00    1.27423e+23    7.49048e+17    3.65630e+11    0.00000e+00
    1.74800e-06    4.26801e+25    0.00000e+00    1.35674e+23    8.89398e+17    4.03537e+11    0.00000e+00
    1.83900e-06    4.06387e+25    0.00000e+00    1.57106e+23    1.04204e+18    4.45080e+11    0.00000e+00
    1.93500e-06    3.87939e+25    0.00000e+00    1.74273e+23    1.21364e+18    4.91040e+11    0.00000e+00
    2.03500e-06    3.69576e+25    0.00000e+00    1.88343e+23    1.38566e+18    5.41253e+11    0.00000e+00
    2.14100e-06    3.52021e+25    0.00000e+00    2.17793e+23    1.66367e+18    5.96998e+11    0.00000e+00
    2.25300e-06    3.36387e+25    0.00000e+00    2.36845e+23    1.98316e+18    6.58793e+11    0.00000e+00
    2.37000e-06    3.20521e+25    0.00000e+00    2.60306e+23    2.25483e+18    7.26486e+11    0.00000e+00
    2.49300e-06    3.05082e+25    0.00000e+00    2.94761e+23    2.63578e+18    8.01022e+11    0.00000e+00
    2.62300e-06    2.91401e+25    0.00000e+00    3.16980e+23    3.15692e+18    8.83684e+11    0.00000e+00
    2.76000e-06    2.77872e+25    0.00000e+00    3.50340e+23    3.59255e+18    9.75011e+11    0.00000e+00
    2.90400e-06    2.63990e+25    0.00000e+00    3.92116e+23    4.20204e+18    1.07558e+12    0.00000e+00
    3.05500e-06    2.52003e+25    0.00000e+00    4.15751e+23    4.96541e+18    1.18627e+12    0.00000e+00
    3.21400e-06    2.40698e+25    0.00000e+00    4.61245e+23    5.76626e+18    1.30841e+12    0.00000e+00
    3.38100e-06    2.28543e+25    0.00000e+00    5.09970e+23    6.67647e+18    1.44279e+12    0.00000e+00
    3.55700e-06    2.18047e+25    0.00000e+00    5.37448e+23    7.85881e+18    1.59147e+12    0.00000e+00
    3.74200e-06    2.08492e+25    0.00000e+00    5.98655e+23    9.11922e+18    1.75520e+12    0.00000e+00
    3.93700e-06    1.97954e+25    0.00000e+00    6.56340e+23    1.05437e+19    1.93602e+12    0.00000e+00
    4.14200e-06    1.88714e+25    0.00000e+00    6.92449e+23    1.23655e+19    2.13558e+12    0.00000e+00
    4.35800e-06    1.80625e+25    0.00000e+00    7.68814e+23    1.44513e+19    2.35587e+12    0.00000e+00
    4.58500e-06    1.71479e+25    0.00000e+00    8.36234e+23    1.66673e+19    2.59850e+12    0.00000e+00
    4.82400e-06    1.63246e+25    0.00000e+00    8.85561e+23    1.94257e+19    2.86662e+12    0.00000e+00
    5.07500e-06    1.56358e+25    0.00000e+00    9.74346e+23    2.27684e+19    3.16161e+12    0.00000e+00
    5.33900e-06    1.48244e+25    0.00000e+00    1.05424e+24    2.61936e+19    3.48684e+12    0.00000e+00
    5.61700e-06    1.41244e+25    0.00000e+00    1.11796e+24    3.06181e+19    3.84620e+12    0.00000e+00
    5.90900e-06    1.35127e+25    0.00000e+00    1.21810e+24    3.56402e+19    4.24158e+12    0.00000e+00
    6.21700e-06    1.28291e+25    0.00000e+00    1.31038e+24    4.10309e+19    4.67889e+12    0.00000e+00
    6.54100e-06    1.22284e+25    0.00000e+00    1.39371e+24    4.65628e+19    5.16148e+12    0.00000e+00
    6.88100e-06    1.16720e+25    0.00000e+00    1.50601e+24    5.53247e+19    5.69196e+12    0.00000e+00
    7.24000e-06    1.11084e+25    0.00000e+00    1.60937e+24    6.52046e+19    6.27948e+12    0.00000e+00
    7.61700e-06    1.05789e+25    0.00000e+00    1.71445e+24    7.36957e+19    6.92654e+12    0.00000e+00
    8.01300e-06    1.00868e+25    0.00000e+00    1.83889e+24    9.42130e+19    7.63849e+12    0.00000e+00
    8.43000e-06    9.60266e+24    0.00000e+00    1.95079e+24    1.19813e+20    8.42504e+12    0.00000e+00
    8.86900e-06    9.15764e+24    0.00000e+00    2.08129e+24    1.36019e+20    9.29315e+12    0.00000e+00
    9.33100e-06    8.71918e+24    0.00000e+00    2.21599e+24    1.62183e+20    1.02502e+13    0.00000e+00
    9.81700e-06    8.30629e+24    0.00000e+00    2.33879e+24    1.98814e+20    1.13068e+13    0.00000e+00
    1.03300e-05    7.94174e+24    0.00000e+00    2.48124e+24    2.23876e+20    1.24759e+13    0.00000e+00
    1.08700e-05    7.55368e+24    0.00000e+00    2.62850e+24    2.63322e+20    1.37652e+13    0.00000e+00
    1.14300e-05    7.20624e+24    0.00000e+00    2.75891e+24    3.16936e+20    1.51686e+13    0.00000e+00
    1.20300e-05    6.89314e+24    0.00000e+00    2.90842e+24    3.59961e+20    1.67441e+13    0.00000e+00
    1.26500e-05    6.55191e+24    0.00000e+00    3.06503e+24    4.17233e+20    1.84495e+13    0.00000e+00
    1.33100e-05    6.24442e+24    0.00000e+00    3.19949e+24    5.04317e+20    2.03551e+13    0.00000e+00
    1.40100e-05    5.97158e+24    0.00000e+00    3.35167e+24    5.74139e+20    2.24732e+13    0.00000e+00
    1.47300e-05    5.66963e+24    0.00000e+00    3.50946e+24    6.67995e+20    2.47559e+13    0.00000e+00
    1.55000e-05    5.39596e+24    0.00000e+00    3.64581e+24    8.04414e+20    2.73177e+13    0.00000e+00
    1.63100e-05    5.15016e+24    0.00000e+00    3.79669e+24    9.18320e+20    3.01415e+13    0.00000e+00
    1.71600e-05    4.89124e+24    0.00000e+00    3.94898e+24    1.05221e+21    3.32476e+13    0.00000e+00
    1.80500e-05    4.65256e+24    0.00000e+00    4.08096e+24    1.26661e+21    3.66605e+13    0.00000e+00
    1.89900e-05    4.43472e+24    0.00000e+00    4.21718e+24    1.45708e+21    4.04362e+13    0.00000e+00
    1.99800e-05    4.22010e+24    0.00000e+00    4.35310e+24    1.66218e+21    4.46056e+13    0.00000e+00
    2.10200e-05    4.01713e+24    0.00000e+00    4.47055e+24    1.94731e+21    4.92007e+13    0.00000e+00
    2.21200e-05    3.82328e+24    0.00000e+00    4.58162e+24    2.25936e+21    5.42929e+13    0.00000e+00
    2.32700e-05    3.64767e+24    0.00000e+00    4.68716e+24    2.59859e+21    5.98760e+13    0.00000e+00
    2.44800e-05    3.46793e+24    0.00000e+00    4.77578e+24    2.94942e+21    6.60373e+13    0.00000e+00
    2.57500e-05    3.29939e+24    0.00000e+00    4.85216e+24    3.44368e+21    7.28106e+13    0.00000e+00
    2.70900e-05    3.14513e+24    0.00000e+00    4.91885e+24    4.05682e+21    8.03073e+13    0.00000e+00
    2.85000e-05    2.99012e+24    0.00000e+00    4.96807e+24    4.52790e+21    8.85779e+13    0.00000e+00
    2.99900e-05    2.84455e+24    0.00000e+00    4.99963e+24    5.24517e+21    9.77345e+13    0.00000e+00
    3.15500e-05    2.71024e+24    0.00000e+00    5.02157e+24    6.11259e+21    1.07795e+14    0.00000e+00
    3.31900e-05    2.57503e+24    0.00000e+00    5.01690e+24    6.83244e+21    1.18881e+14    0.00000e+00
    3.49200e-05    2.45480e+24    0.00000e+00    5.00192e+24    7.82151e+21    1.31130e+14    0.00000e+00
    3.67400e-05    2.33843e+24    0.00000e+00    4.97009e+24    9.02159e+21    1.44658e+14    0.00000e+00
    3.86500e-05    2.22086e+24    0.00000e+00    4.91322e+24    1.00989e+22    1.59535e+14    0.00000e+00
    4.06600e-05    2.12017e+24    0.00000e+00    4.84625e+24    1.14200e+22    1.75934e+14    0.00000e+00
    4.27800e-05    2.02061e+24    0.00000e+00    4.75963e+24    1.30107e+22    1.94095e+14    0.00000e+00
    4.50100e-05    1.91934e+24    0.00000e+00    4.65519e+24    1.44959e+22    2.14109e+14    0.00000e+00
    4.73500e-05    1.83231e+24    0.00000e+00    4.53885e+24    1.61323e+22    2.36113e+14    0.00000e+00
    4.98200e-05    1.74696e+24    0.00000e+00    4.40441e+24    1.81054e+22    2.60497e+14    0.00000e+00
    5.24100e-05    1.66106e+24    0.00000e+00    4.26068e+24    2.03854e+22    2.87282e+14    0.00000e+00
    5.51400e-05    1.58177e+24    0.00000e+00    4.10565e+24    2.23253e+22    3.16870e+14    0.00000e+00
    5.80100e-05    1.50910e+24    0.00000e+00    3.93581e+24    2.48208e+22    3.49516e+14    0.00000e+00
    6.10300e-05    1.43619e+24    0.00000e+00    3.76258e+24    2.79098e+22    3.85502e+14    0.00000e+00
    6.42100e-05    1.36563e+24    0.00000e+00    3.58214e+24    3.05179e+22    4.25227e+14    0.00000e+00
    6.75600e-05    1.30262e+24    0.00000e+00    3.39293e+24    3.37227e+22    4.69139e+14    0.00000e+00
    7.10700e-05    1.24085e+24    0.00000e+00    3.20421e+24    3.76008e+22    5.17335e+14    0.00000e+00
    7.47700e-05    1.18093e+24    0.00000e+00    3.01301e+24    4.11599e+22    5.70609e+14    0.00000e+00
    7.86700e-05    1.12579e+24    0.00000e+00    2.81908e+24    4.52881e+22    6.29513e+14    0.00000e+00
    8.27600e-05    1.07409e+24    0.00000e+00    2.62996e+24    5.00532e+22    6.94224e+14    0.00000e+00
    8.70700e-05    1.02302e+24    0.00000e+00    2.44541e+24    5.46644e+22    7.65751e+14    0.00000e+00
    9.16100e-05    9.76171e+23    0.00000e+00    2.26136e+24    5.98827e+22    8.44763e+14    0.00000e+00
    9.63800e-05    9.31713e+23    0.00000e+00    2.08565e+24    6.57202e+22    9.31729e+14    0.00000e+00
    1.01400e-04    8.88164e+23    0.00000e+00    1.91989e+24    7.14980e+22    1.02776e+15    0.00000e+00
    1.06700e-04    8.47237e+23    0.00000e+00    1.75775e+24    7.81462e+22    1.13406e+15    0.00000e+00
    1.12200e-04    8.10093e+23    0.00000e+00    1.60686e+24    8.51836e+22    1.24959e+15    0.00000e+00
    1.18100e-04    7.70868e+23    0.00000e+00    1.46757e+24    9.23435e+22    1.37967e+15    0.00000e+00
    1.24200e-04    7.35809e+23    0.00000e+00    1.33467e+24    1.00852e+23    1.52063e+15    0.00000e+00
    1.30700e-04    7.02988e+23    0.00000e+00    1.21230e+24    1.09327e+23    1.67796e+15    0.00000e+00
    1.37500e-04    6.68606e+23    0.00000e+00    1.10171e+24    1.18570e+23    1.85077e+15    0.00000e+00
    1.44700e-04    6.37707e+23    0.00000e+00    9.98922e+23    1.28884e+23    2.04251e+15    0.00000e+00
    1.52200e-04    6.09074e+23    0.00000e+00    9.05826e+23    1.39359e+23    2.25175e+15    0.00000e+00
    1.60100e-04    5.79310e+23    0.00000e+00    8.23283e+23    1.50614e+23    2.48312e+15    0.00000e+00
    1.68400e-04    5.51918e+23    0.00000e+00    7.48577e+23    1.63009e+23    2.73772e+15    0.00000e+00
    1.77200e-04    5.26214e+23    0.00000e+00    6.82873e+23    1.75761e+23    3.02060e+15    0.00000e+00
    1.86400e-04    5.01535e+23    0.00000e+00    6.25430e+23    1.89273e+23    3.33102e+15    0.00000e+00
    1.96100e-04    4.78063e+23    0.00000e+00    5.75686e+23    2.03558e+23    3.67384e+15    0.00000e+00
    2.06400e-04    4.55814e+23    0.00000e+00    5.32866e+23    2.18947e+23    4.05550e+15    0.00000e+00
    2.17100e-04    4.35609e+23    0.00000e+00    4.96595e+23    2.34642e+23    4.47160e+15    0.00000e+00
    2.28400e-04    4.15882e+23    0.00000e+00    4.66290e+23    2.51146e+23    4.93188e+15    0.00000e+00
    2.40300e-04    3.97688e+23    0.00000e+00    4.41565e+23    2.68885e+23    5.44011e+15    0.00000e+00
    2.52800e-04    3.80941e+23    0.00000e+00    4.21097e+23    2.87126e+23    6.00015e+15    0.00000e+00
    2.66000e-04    3.65121e+23    0.00000e+00    4.05445e+23    3.05948e+23    6.61973e+15    0.00000e+00
    2.79800e-04    3.50123e+23    0.00000e+00    3.93882e+23    3.25972e+23    7.29905e+15    0.00000e+00
    2.94400e-04    3.36421e+23    0.00000e+00    3.84990e+23    3.46498e+23    8.05277e+15    0.00000e+00
    3.09700e-04    3.23721e+23    0.00000e+00    3.80051e+23    3.67402e+23    8.88019e+15    0.00000e+00
    3.25900e-04    3.11854e+23    0.00000e+00    3.77556e+23    3.89404e+23    9.79937e+15    0.00000e+00
    3.42800e-04    3.00805e+23    0.00000e+00    3.77135e+23    4.12232e+23    1.08048e+16    0.00000e+00
    3.60700e-04    2.91222e+23    0.00000e+00    3.79710e+23    4.35135e+23    1.19203e+16    0.00000e+00
    3.79500e-04    2.81815e+23    0.00000e+00    3.84122e+23    4.58667e+23    1.31498e+16    0.00000e+00
    3.99200e-04    2.73376e+23    0.00000e+00    3.89688e+23    4.83314e+23    1.45003e+16    0.00000e+00
    4.20000e-04    2.66227e+23    0.00000e+00    3.97575e+23    5.08244e+23    1.59938e+16    0.00000e+00
    4.41900e-04    2.59180e+23    0.00000e+00    4.06560e+23    5.33024e+23    1.76446e+16    0.00000e+00
    4.64900e-04    2.52710e+23    0.00000e+00    4.16149e+23    5.59006e+23    1.94614e+16    0.00000e+00
    4.89100e-04    2.47779e+23    1.13766e+07    4.27327e+23    5.85232e+23    2.14638e+16    0.00000e+00
    5.14500e-04    2.42715e+23    3.63240e+23    4.39165e+23    6.10703e+23    2.36704e+16    0.00000e+00
    5.41300e-04    2.38316e+23    3.68057e+23    4.50739e+23    6.37101e+23    2.61093e+16    0.00000e+00
    5.69500e-04    2.34833e+23    3.73563e+23    4.63661e+23    6.64139e+23    2.87984e+16    0.00000e+00
    5.99200e-04    2.32108e+23    3.80816e+23    4.76586e+23    6.89884e+23    3.17716e+16    0.00000e+00
    6.30400e-04    2.29605e+23    3.89413e+23    4.89022e+23    7.16048e+23    3.50437e+16    0.00000e+00
    6.63200e-04    2.27570e+23    3.97413e+23    5.02411e+23    7.43125e+23    3.86489e+16    0.00000e+00
    6.97700e-04    2.26893e+23    4.06929e+23    5.15109e+23    7.68709e+23    4.26285e+16    0.00000e+00
    7.34100e-04    2.25979e+23    4.17198e+23    5.27382e+23    7.94034e+23    4.70271e+16    0.00000e+00
    7.72300e-04    2.25581e+23    4.26530e+23    5.40065e+23    8.20352e+23    5.18666e+16    0.00000e+00
    8.12500e-04    2.26346e+23    4.36776e+23    5.52146e+23    8.45220e+23    5.72099e+16    0.00000e+00
    8.54800e-04    2.26958e+23    4.47586e+23    5.63333e+23    8.69400e+23    6.30998e+16    0.00000e+00
    8.99300e-04    2.27833e+23    4.57013e+23    5.74703e+23    8.93930e+23    6.95975e+16    0.00000e+00
    9.46100e-04    2.29822e+23    4.67291e+23    5.85490e+23    9.17623e+23    7.67651e+16    0.00000e+00
    9.95400e-04    2.31649e+23    4.77506e+23    5.95042e+23    9.39727e+23    8.46747e+16    0.00000e+00
    1.04700e-03    2.33868e+23    4.86499e+23    6.04748e+23    9.62043e+23    9.33581e+16    0.00000e+00
    1.10200e-03    2.36877e+23    4.95840e+23    6.13986e+23    9.83423e+23    1.03064e+17    0.00000e+00
    1.15900e-03    2.39935e+23    5.04939e+23    6.21526e+23    1.00296e+24    1.13602e+17    0.00000e+00
    1.21900e-03    2.43219e+23    5.12759e+23    6.29366e+23    1.02251e+24    1.25239e+17    0.00000e+00
    1.28300e-03    2.47211e+23    5.20645e+23    6.36521e+23    1.04028e+24    1.38250e+17    0.00000e+00
    1.35000e-03    2.51192e+23    5.28234e+23    6.41987e+23    1.05717e+24    1.52524e+17    0.00000e+00
    1.42000e-03    2.55499e+23    5.34541e+23    6.47638e+23    1.07314e+24    1.68175e+17    0.00000e+00
    1.49400e-03    2.60177e+23    5.40737e+23    6.52413e+23    1.08687e+24    1.85514e+17    0.00000e+00
    1.57200e-03    2.64771e+23    5.46423e+23    6.55384e+23    1.10011e+24    2.04661e+17    0.00000e+00
    1.65400e-03    2.69721e+23    5.51110e+23    6.58728e+23    1.11217e+24    2.25794e+17    0.00000e+00
    1.74000e-03    2.74862e+23    5.55497e+23    6.60981e+23    1.12131e+24    2.49019e+17    0.00000e+00
    1.83000e-03    2.79741e+23    5.59041e+23    6.61735e+23    1.13041e+24    2.74476e+17    0.00000e+00
    1.92600e-03    2.84922e+23    5.61876e+23    6.62364e+23    1.13804e+24    3.02985e+17    0.00000e+00
    2.02600e-03    2.90248e+23    5.64344e+23    6.62203e+23    1.14264e+24    3.34100e+17    0.00000e+00
    2.13100e-03    2.95195e+23    5.65637e+23    6.60798e+23    1.14691e+24    3.68331e+17    0.00000e+00
    2.24200e-03    3.00220e+23    5.66655e+23    6.58677e+23    1.14990e+24    4.06308e+17    0.00000e+00
    2.35900e-03    3.05332e+23    5.66773e+23    6.56062e+23    1.14989e+24    4.48246e+17    0.00000e+00
    2.48200e-03    3.10103e+23    5.66010e+23    6.52442e+23    1.14950e+24    4.94466e+17    0.00000e+00
    2.61100e-03    3.14618e+23    5.64974e+23    6.47887e+23    1.14755e+24    5.45330e+17    0.00000e+00
    2.74700e-03    3.19198e+23    5.62829e+23    6.42806e+23    1.14326e+24    6.01503e+17    0.00000e+00
    2.89000e-03    3.23414e+23    5.59935e+23    6.37078e+23    1.13820e+24    6.63436e+17    0.00000e+00
    3.04100e-03    3.27132e+23    5.56878e+23    6.30169e+23    1.13146e+24    7.32043e+17    0.00000e+00
    3.19900e-03    3.30870e+23    5.52560e+23    6.22870e+23    1.12289e+24    8.07248e+17    0.00000e+00
    3.36600e-03    3.34183e+23    5.47757e+23    6.15101e+23    1.11346e+24    8.90619e+17    0.00000e+00
    3.54100e-03    3.36948e+23    5.42617e+23    6.06181e+23    1.10211e+24    9.82247e+17    0.00000e+00
    3.72500e-03    3.39670e+23    5.36476e+23    5.96827e+23    1.08926e+24    1.08316e+18    0.00000e+00
    3.91900e-03    3.41874e+23    5.29759e+23    5.87053e+23    1.07572e+24    1.19478e+18    0.00000e+00
    4.12300e-03    3.43563e+23    5.22737e+23    5.76284e+23    1.06005e+24    1.31784e+18    0.00000e+00
    4.33800e-03    3.45070e+23    5.14920e+23    5.65169e+23    1.04347e+24    1.45370e+18    0.00000e+00
    4.56400e-03    3.46038e+23    5.06550e+23    5.53539e+23    1.02596e+24    1.60358e+18    0.00000e+00
    4.80100e-03    3.46507e+23    4.97854e+23    5.41190e+23    1.00675e+24    1.76832e+18    0.00000e+00
    5.05100e-03    3.46634e+23    4.88362e+23    5.28488e+23    9.86674e+23    1.95034e+18    0.00000e+00
    5.31400e-03    3.46238e+23    4.78599e+23    5.15280e+23    9.65715e+23    2.15136e+18    0.00000e+00
    5.59100e-03    3.45243e+23    4.68399e+23    5.01702e+23    9.43627e+23    2.37321e+18    0.00000e+00
    5.88200e-03    3.44010e+23    4.57575e+23    4.87883e+23    9.20654e+23    2.61737e+18    0.00000e+00
    6.18800e-03    3.42017e+23    4.46550e+23    4.73539e+23    8.96945e+23    2.88693e+18    0.00000e+00
    6.51100e-03    3.39542e+23    4.35253e+23    4.59069e+23    8.72655e+23    3.18502e+18    0.00000e+00
    6.85000e-03    3.36823e+23    4.23409e+23    4.44563e+23    8.47473e+23    3.51287e+18    0.00000e+00
    7.20600e-03    3.33333e+23    4.11519e+23    4.29680e+23    8.21919e+23    3.87425e+18    0.00000e+00
    7.58200e-03    3.29420e+23    3.99372e+23    4.14632e+23    7.95979e+23    4.27411e+18    0.00000e+00
    7.97600e-03    3.25261e+23    3.86898e+23    3.99739e+23    7.69488e+23    4.72067e+18    0.00000e+00
    8.39200e-03    3.20443e+23    3.74401e+23    3.84765e+23    7.42856e+23    5.21814e+18    0.00000e+00
    8.82900e-03    3.15308e+23    3.61743e+23    3.69479e+23    7.15996e+23    5.75645e+18    0.00000e+00
    9.28800e-03    3.09888e+23    3.48946e+23    3.54553e+23    6.88873e+23    6.34078e+18    0.00000e+00
    9.77200e-03    3.03953e+23    3.36111e+23    3.39682e+23    6.61835e+23    6.98535e+18    0.00000e+00
    1.02800e-02    2.97808e+23    3.23223e+23    3.24564e+23    6.34773e+23    7.70482e+18    0.00000e+00
    1.08200e-02    2.91293e+23    3.10363e+23    3.09868e+23    6.07671e+23    8.51159e+18    0.00000e+00
    1.13800e-02    2.84494e+23    2.97516e+23    2.95437e+23    5.80944e+23    9.38453e+18    0.00000e+00
    1.19700e-02    2.77461e+23    2.84723e+23    2.80799e+23    5.54289e+23    1.03408e+19    0.00000e+00
    1.26000e-02    2.70111e+23    2.71992e+23    2.66709e+23    5.27911e+23    1.14142e+19    0.00000e+00
    1.32500e-02    2.62589e+23    2.59452e+23    2.52972e+23    5.02024e+23    1.25258e+19    0.00000e+00
    1.39400e-02    2.54880e+23    2.47016e+23    2.39204e+23    4.76501e+23    1.37685e+19    0.00000e+00
    1.46700e-02    2.46853e+23    2.34748e+23    2.26000e+23    4.51389e+23    1.52521e+19    0.00000e+00
    1.54300e-02    2.38846e+23    2.22726e+23    2.13223e+23    4.26908e+23    1.68544e+19    0.00000e+00
    1.62300e-02    2.30668e+23    2.10897e+23    2.00576e+23    4.02989e+23    1.86179e+19    0.00000e+00
    1.70800e-02    2.22276e+23    1.99320e+23    1.88465e+23    3.79571e+23    2.05845e+19    0.00000e+00
    1.79700e-02    2.13972e+23    1.88033e+23    1.76836e+23    3.56950e+23    2.27484e+19    0.00000e+00
    1.89000e-02    2.05623e+23    1.77052e+23    1.65448e+23    3.34979e+23    2.51053e+19    0.00000e+00
    1.98900e-02    1.97105e+23    1.66332e+23    1.54577e+23    3.13609e+23    2.77267e+19    0.00000e+00
    2.09200e-02    1.88762e+23    1.56014e+23    1.44188e+23    2.93140e+23    3.05922e+19    0.00000e+00
    2.20100e-02    1.80452e+23    1.46026e+23    1.34149e+23    2.73381e+23    3.37805e+19    0.00000e+00
    2.31600e-02    1.72096e+23    1.36360e+23    1.24580e+23    2.54369e+23    3.72901e+19    0.00000e+00
    2.43700e-02    1.63928e+23    1.27115e+23    1.15477e+23    2.36243e+23    4.11532e+19    0.00000e+00
    2.56300e-02    1.55861e+23    1.18258e+23    1.06790e+23    2.18909e+23    4.53577e+19    0.00000e+00
    2.69700e-02    1.47852e+23    1.09752e+23    9.85306e+22    2.02394e+23    5.00669e+19    0.00000e+00
    2.83700e-02    1.40043e+23    1.01669e+23    9.07194e+22    1.86778e+23    5.52188e+19    0.00000e+00
    2.98500e-02    1.32402e+23    9.40199e+22    8.33547e+22    1.71930e+23    6.09027e+19    0.00000e+00
    3.14000e-02    1.24896e+23    8.66952e+22    7.63804e+22    1.57943e+23    6.71421e+19    0.00000e+00
    3.30400e-02    1.17619e+23    7.98050e+22    6.98382e+22    1.44788e+23    7.40450e+19    0.00000e+00
    3.47600e-02    1.10550e+23    7.33279e+22    6.37219e+22    1.32406e+23    8.16313e+19    0.00000e+00
    3.65700e-02    1.03673e+23    6.71812e+22    5.79805e+22    1.20829e+23    8.99999e+19    0.00000e+00
    3.84700e-02    9.70477e+22    6.14431e+22    5.26409e+22    1.10002e+23    9.91398e+19    0.00000e+00
    4.04800e-02    9.06649e+22    5.60768e+22    4.76932e+22    9.99145e+22    1.09248e+20    0.00000e+00
    4.25900e-02    8.44940e+22    5.10286e+22    4.30867e+22    9.05617e+22    1.20323e+20    0.00000e+00
    4.48000e-02    7.86034e+22    4.63742e+22    3.88397e+22    8.18612e+22    1.32440e+20    0.00000e+00
    4.71400e-02    7.29369e+22    4.20285e+22    3.49373e+22    7.38423e+22    1.45850e+20    0.00000e+00
    4.95900e-02    6.75375e+22    3.79921e+22    3.13401e+22    6.64578e+22    1.60503e+20    0.00000e+00
    5.21700e-02    6.24074e+22    3.43019e+22    2.80415e+22    5.96473e+22    1.76604e+20    0.00000e+00
    5.48900e-02    5.74960e+22    3.08802e+22    2.50468e+22    5.34257e+22    1.94305e+20    0.00000e+00
    5.77500e-02    5.28825e+22    2.77323e+22    2.22959e+22    4.77426e+22    2.13683e+20    0.00000e+00
    6.07500e-02    4.85099e+22    2.48740e+22    1.98050e+22    4.25507e+22    2.34829e+20    0.00000e+00
    6.39200e-02    4.43669e+22    2.22639e+22    1.75621e+22    3.78402e+22    2.58112e+20    0.00000e+00
    6.72400e-02    4.05197e+22    1.98789e+22    1.55244e+22    3.35749e+22    2.83494e+20    0.00000e+00
    7.07500e-02    3.68948e+22    1.77324e+22    1.36946e+22    2.97166e+22    3.11381e+20    0.00000e+00
    7.44300e-02    3.34958e+22    1.58004e+22    1.20694e+22    2.62449e+22    3.41777e+20    0.00000e+00
    7.83000e-02    3.03716e+22    1.40553e+22    1.06046e+22    2.31218e+22    3.74955e+20    0.00000e+00
    8.23800e-02    2.74472e+22    1.24979e+22    9.30589e+21    2.03360e+22    4.11247e+20    0.00000e+00
    8.66700e-02    2.47364e+22    1.11240e+22    8.16957e+21    1.78515e+22    4.50838e+20    0.00000e+00
    9.11800e-02    2.22616e+22    9.89797e+21    7.15759e+21    1.56361e+22    4.93955e+20    0.00000e+00
    9.59300e-02    1.99704e+22    8.81918e+21    6.27392e+21    1.36856e+22    5.40979e+20    0.00000e+00
    1.00900e-01    1.78703e+22    7.88454e+21    5.51246e+21    1.19680e+22    5.91911e+20    0.00000e+00
    1.06200e-01    1.59618e+22    7.07624e+21    4.84948e+21    1.04491e+22    6.48044e+20    0.00000e+00
    1.11700e-01    1.42174e+22    6.37689e+21    4.27933e+21    9.13589e+21    7.08208e+20    0.00000e+00
    1.17500e-01    1.26362e+22    5.79260e+21    3.80189e+21    7.99749e+21    7.73702e+20    0.00000e+00
    1.23600e-01    1.12073e+22    5.30946e+21    3.39866e+21    7.00420e+21    8.44707e+20    0.00000e+00
    1.30100e-01    9.91506e+21    4.91258e+21    3.06628e+21    6.16714e+21    9.22655e+20    0.00000e+00
    1.36900e-01    8.75722e+21    4.60606e+21    2.79970e+21    5.45588e+21    1.00663e+21    0.00000e+00
    1.44000e-01    7.71779e+21    4.37735e+21    2.58832e+21    4.85193e+21    1.09681e+21    0.00000e+00
    1.51500e-01    6.78822e+21    4.21300e+21    2.42917e+21    4.36026e+21    1.19465e+21    0.00000e+00
    1.59400e-01    5.96483e+21    4.12118e+21    2.31794e+21    3.95522e+21    1.30051e+21    0.00000e+00
    1.67700e-01    5.23309e+21    4.09090e+21    2.24737e+21    3.63201e+21    1.41447e+21    0.00000e+00
    1.76400e-01    4.58310e+21    4.11252e+21    2.21543e+21    3.38772e+21    1.53687e+21    0.00000e+00
    1.85600e-01    4.01843e+21    4.18972e+21    2.21855e+21    3.20258e+21    1.66939e+21    0.00000e+00
    1.95200e-01    3.51888e+21    4.31652e+21    2.25231e+21    3.07735e+21    1.81056e+21    0.00000e+00
    2.05400e-01    3.08730e+21    4.48980e+21    2.31645e+21    3.00921e+21    1.96389e+21    0.00000e+00
    2.16100e-01    2.71363e+21    4.70783e+21    2.40810e+21    2.98320e+21    2.12772e+21    0.00000e+00
    2.27400e-01    2.38753e+21    4.97048e+21    2.52471e+21    3.00183e+21    2.30365e+21    0.00000e+00
    2.39200e-01    2.11418e+21    5.26820e+21    2.66315e+21    3.05807e+21    2.49023e+21    0.00000e+00
    2.51700e-01    1.88045e+21    5.60704e+21    2.82433e+21    3.14884e+21    2.68995e+21    0.00000e+00
    2.64800e-01    1.68083e+21    5.97978e+21    3.00453e+21    3.26953e+21    2.90063e+21    0.00000e+00
    2.78500e-01    1.52243e+21    6.38023e+21    3.20034e+21    3.41589e+21    3.12082e+21    0.00000e+00
    2.93000e-01    1.38901e+21    6.81035e+21    3.41200e+21    3.58610e+21    3.35166e+21    0.00000e+00
    3.08300e-01    1.27993e+21    7.26121e+21    3.63520e+21    3.77453e+21    3.58959e+21    0.00000e+00
    3.24400e-01    1.20343e+21    7.72069e+21    3.86328e+21    3.97458e+21    3.82924e+21    0.00000e+00
    3.41200e-01    1.14297e+21    8.17104e+21    4.08727e+21    4.17485e+21    4.06203e+21    0.00000e+00
    3.59000e-01    1.10093e+21    8.59793e+21    4.30002e+21    4.36865e+21    4.28148e+21    0.00000e+00
    3.77700e-01    1.08473e+21    8.96938e+21    4.48531e+21    4.53875e+21    4.47180e+21    0.00000e+00
    3.97400e-01    1.08254e+21    9.25372e+21    4.62710e+21    4.66805e+21    4.61736e+21    0.00000e+00
    4.18100e-01    1.09618e+21    9.40834e+21    4.70427e+21    4.73566e+21    4.69730e+21    0.00000e+00
    4.39800e-01    1.13079e+21    9.39208e+21    4.69605e+21    4.71978e+21    4.69112e+21    0.00000e+00
    4.62700e-01    1.17768e+21    9.17322e+21    4.58657e+21    4.60424e+21    4.58308e+21    0.00000e+00
    4.86800e-01    1.23505e+21    8.72838e+21    4.36414e+21    4.37737e+21    4.36172e+21    0.00000e+00
    5.12200e-01    1.30138e+21    8.06315e+21    4.03153e+21    4.04117e+21    4.02985e+21    0.00000e+00
    5.38800e-01    1.36411e+21    7.21906e+21    3.60950e+21    3.61647e+21    3.60834e+21    0.00000e+00
    5.66900e-01    1.41200e+21    6.24722e+21    3.12359e+21    3.12864e+21    3.12281e+21    0.00000e+00
    5.96400e-01    1.43126e+21    5.22949e+21    2.61473e+21    2.61829e+21    2.61421e+21    0.00000e+00
    6.27500e-01    1.40497e+21    4.23453e+21    2.11726e+21    2.11976e+21    2.11691e+21    0.00000e+00
    6.60100e-01    1.32200e+21    3.33009e+21    1.66504e+21    1.66678e+21    1.66482e+21    0.00000e+00
    6.94500e-01    1.18061e+21    2.54651e+21    1.27326e+21    1.27444e+21    1.27312e+21    0.00000e+00
    7.30700e-01    9.96069e+20    1.90194e+21    9.50972e+20    9.51768e+20    9.50880e+20    0.00000e+00
    7.68700e-01    7.93681e+20    1.40011e+21    7.00059e+20    7.00577e+20    7.00002e+20    0.00000e+00
    8.08800e-01    5.98916e+20    1.02057e+21    5.10292e+20    5.10621e+20    5.10257e+20    0.00000e+00
    8.50900e-01    4.30781e+20    7.43571e+20    3.71789e+20    3.71997e+20    3.71768e+20    0.00000e+00
    8.95200e-01    2.98824e+20    5.48200e+20    2.74102e+20    2.74227e+20    2.74090e+20    6.20820e+04
    9.41800e-01    2.01602e+20    4.07879e+20    2.03941e+20    2.04014e+20    2.03934e+20    6.67866e+17
    9.90800e-01    1.32948e+20    3.01660e+20    1.50831e+20    1.50874e+20    1.50827e+20    3.99724e+17
    1.04200e+00    8.83439e+19    2.18318e+20    1.09160e+20    1.09184e+20    1.09158e+20    2.34900e+17
    1.09700e+00    5.86471e+19    1.48711e+20    7.43558e+19    7.43692e+19    7.43549e+19    1.33274e+17
    1.15400e+00    3.96801e+19    9.51111e+19    4.75556e+19    4.75631e+19    4.75552e+19    7.44715e+16
    1.21400e+00    2.70546e+19    5.81181e+19    2.90591e+19    2.90629e+19    2.90589e+19    4.09396e+16
    1.27700e+00    1.75331e+19    3.36024e+19    1.68012e+19    1.68031e+19    1.68011e+19    2.15554e+16
    1.34400e+00    1.04910e+19    1.89822e+19    9.49109e+18    9.49208e+18    9.49105e+18    1.10453e+16
    1.41400e+00    5.87380e+18    1.08525e+19    5.42627e+18    5.42672e+18    5.42626e+18    5.51439e+15
    1.48700e+00    3.07250e+18    6.21409e+18    3.10705e+18    3.10725e+18    3.10704e+18    2.59024e+15
    1.56500e+00    1.57625e+18    3.51343e+18    1.75671e+18    1.75681e+18    1.75671e+18    1.17399e+15
    1.64600e+00    8.10242e+17    1.85186e+18    9.25929e+17    9.25966e+17    9.25928e+17    5.27315e+14
    1.73200e+00    4.19160e+17    8.84203e+17    4.42102e+17    4.42117e+17    4.42101e+17    2.23875e+14
    1.82200e+00    2.10736e+17    4.02945e+17    2.01473e+17    2.01479e+17    2.01472e+17    9.08322e+13
    1.91700e+00    9.51509e+16    1.77507e+17    8.87534e+16    8.87555e+16    8.87534e+16    3.63337e+13
    2.01700e+00    3.92792e+16    7.91747e+16    3.95874e+16    3.95881e+16    3.95874e+16    1.34591e+13
    2.12200e+00    1.56619e+16    3.42521e+16    1.71261e+16    1.71263e+16    1.71261e+16    4.64406e+12
    2.23200e+00    6.32285e+15    1.34042e+16    6.70210e+15    6.70219e+15    6.70210e+15    1.65352e+12
    2.34800e+00    2.46005e+15    4.74437e+15    2.37219e+15    2.37222e+15    2.37219e+15    5.59688e+11
    2.47000e+00    8.65061e+14    1.65723e+15    8.28614e+14    8.28621e+14    8.28614e+14    1.75263e+11
    2.59900e+00    2.74059e+14    5.72513e+14    2.86256e+14    2.86258e+14    2.86256e+14    5.00484e+10
    2.73400e+00    8.42929e+13    1.78036e+14    8.90180e+13    8.90185e+13    8.90180e+13    1.24601e+10
    2.87700e+00    2.58217e+13    5.01147e+13    2.50573e+13    2.50574e+13    2.50573e+13    3.27058e+09
    3.02700e+00    6.92400e+12    1.35845e+13    6.79225e+12    6.79227e+12    6.79225e+12    7.84090e+08
    3.18400e+00    1.66570e+12    3.51714e+12    1.75857e+12    1.75858e+12    1.75857e+12    1.50701e+08
    3.35000e+00    4.09157e+11    8.16702e+11    4.08351e+11    4.08351e+11    4.08351e+11    3.15031e+07
    3.52400e+00    8.87641e+10    1.73016e+11    8.65081e+10    8.65082e+10    8.65081e+10    6.25199e+06
    3.70800e+00    1.65357e+10    3.45811e+10    1.72906e+10    1.72906e+10    1.72906e+10    8.93593e+05
    3.90100e+00    3.18030e+09    6.28778e+09    3.14389e+09    3.14389e+09    3.14389e+09    1.41712e+05
    4.10400e+00    5.10592e+08    1.01859e+09    5.09295e+08    5.09295e+08    5.09295e+08    2.30039e+04
    4.31800e+00    7.37229e+07    1.50723e+08    7.53614e+07    7.53614e+07    7.53614e+07    2.39241e+03
    4.54300e+00    1.04921e+07    2.05491e+07    1.02745e+07    1.02745e+07    1.02745e+07    3.08828e+02
    4.77900e+00    1.18884e+06    2.45709e+06    1.22854e+06    1.22855e+06    1.22854e+06    7.26541e+01
    5.02800e+00    1.29724e+05    2.54212e+05    1.27106e+05    1.27106e+05    1.27106e+05    1.27014e+01
    5.29000e+00    1.25183e+04    2.56057e+04    1.28029e+04    1.28029e+04    1.28029e+04    1.07856e+00
    5.56500e+00    9.95400e+02    1.94283e+03    9.71413e+02    9.71413e+02    9.71413e+02    5.28827e-02
    5.85500e+00    7.34488e+01    1.48700e+02    7.43499e+01    7.43499e+01    7.43499e+01    4.50224e-03
    6.16000e+00    5.04604e+00    9.96281e+00    4.98141e+00    4.98141e+00    4.98141e+00    1.67122e-04
    6.48100e+00    2.27356e-01    4.47322e-01    2.23661e-01    2.23661e-01    2.23661e-01    3.66365e-05
    6.81800e+00    1.39134e-02    2.75776e-02    1.37888e-02    1.37888e-02    1.37888e-02    3.78804e-07
    7.17300e+00    6.53772e-04    1.29053e-03    6.45267e-04    6.45267e-04    6.45267e-04    8.65434e-09
    7.54700e+00    1.95443e-05    3.84468e-05    1.92234e-05    1.92234e-05    1.92234e-05    6.93937e-10
    7.94000e+00    6.48578e-07    1.27592e-06    6.37961e-07    6.37961e-07    6.37961e-07    8.97713e-12
    8.35300e+00    1.72460e-08    3.38528e-08    1.69264e-08    1.69264e-08    1.69264e-08    3.87185e-13
    8.78800e+00    3.29487e-10    6.41014e-10    3.20507e-10    3.20507e-10    3.20507e-10    5.01213e-15
    9.24600e+00    6.78539e-12    1.30986e-11    6.54932e-12    6.54932e-12    6.54932e-12    2.50050e-16
    9.72700e+00    8.58776e-14    1.64632e-13    8.23162e-14    8.23162e-14    8.23162e-14    6.52726e-19
    1.02300e+01    9.61725e-16    1.86033e-15    9.30164e-16    9.30164e-16    9.30164e-16    4.91958e-21
    1.07700e+01    9.82192e-18    1.88898e-17    9.44489e-18    9.44489e-18    9.44489e-18    5.26919e-24
    1.13300e+01    5.75621e-20    1.11910e-19    5.59551e-20    5.59551e-20    5.59551e-20    5.46729e-25
    1.19200e+01    3.16574e-22    5.87260e-22    2.93630e-22    2.93630e-22    2.93630e-22    1.10229e-26
    1.25400e+01    1.54001e-24    2.93424e-24    1.46712e-24    1.46712e-24    1.46712e-24    8.59667e-30
    1.31900e+01    4.36607e-27    8.12408e-27    4.06204e-27    4.06204e-27    4.06204e-27    4.17442e-32
    1.38800e+01    9.91358e-30    1.81364e-29    9.06821e-30    9.06821e-30    9.06821e-30    7.85629e-36
    1.46000e+01    2.05118e-32    3.92512e-32    1.96256e-32    1.96256e-32    1.96256e-32    1.74110e-38
    1.53600e+01    1.71303e-35    3.15022e-35    1.57511e-35    1.57511e-35    1.57511e-35    1.67317e-42
    1.61600e+01    2.08041e-38    3.88911e-38    1.94456e-38    1.94456e-38    1.94456e-38    1.23458e-43
    1.70000e+01    1.26942e-41    2.34478e-41    1.17239e-41    1.17239e-41    1.17239e-41    1.73248e-48
    1.78900e+01    3.16689e-45    5.91809e-45    2.95904e-45    2.95904e-45    2.95904e-45    8.78133e-52
    1.88200e+01    1.48282e-48    2.70710e-48    1.35355e-48    1.35355e-48    1.35355e-48    1.38060e-56
    1.98000e+01    2.58576e-52    4.55114e-52    2.27557e-52    2.27557e-52    2.27557e-52    1.74955e-57
    2.08300e+01    1.48286e-53    2.68731e-53    1.34366e-53    1.34366e-53    1.34366e-53    0.00000e+00
    2.19100e+01    1.55974e-53    2.82665e-53    1.41332e-53    1.41332e-53    1.41332e-53    0.00000e+00
    2.30500e+01    1.64090e-53    2.97372e-53    1.48686e-53    1.48686e-53    1.48686e-53    0.00000e+00
    2.42500e+01    1.72632e-53    3.12853e-53    1.56427e-53    1.56427e-53    1.56427e-53    0.00000e+00
    2.55200e+01    1.81673e-53    3.29238e-53    1.64619e-53    1.64619e-53    1.64619e-53    0.00000e+00
    2.68400e+01    1.91070e-53    3.46267e-53    1.73134e-53    1.73134e-53    1.73134e-53    0.00000e+00
    2.82400e+01    2.01037e-53    3.64329e-53    1.82164e-53    1.82164e-53    1.82164e-53    0.00000e+00
    2.97100e+01    2.11501e-53    3.83294e-53    1.91647e-53    1.91647e-53    1.91647e-53    0.00000e+00
    3.12600e+01    2.22535e-53    4.03290e-53    2.01645e-53    2.01645e-53    2.01645e-53    0.00000e+00
    3.28900e+01    2.34139e-53    4.24319e-53    2.12160e-53    2.12160e-53    2.12160e-53    0.00000e+00
    3.46000e+01    2.46312e-53    4.46380e-53    2.23190e-53    2.23190e-53    2.23190e-53    0.00000e+00
    3.64000e+01    2.59126e-53    4.69602e-53    2.34801e-53    2.34801e-53    2.34801e-53    0.00000e+00
    3.83000e+01    2.72652e-53    4.94115e-53    2.47057e-53    2.47057e-53    2.47057e-53    0.00000e+00
    4.02900e+01    2.86819e-53    5.19788e-53    2.59894e-53    2.59894e-53    2.59894e-53    0.00000e+00
    4.23900e+01    3.01768e-53    5.46880e-53    2.73440e-53    2.73440e-53    2.73440e-53    0.00000e+00
    4.46000e+01    3.17501e-53    5.75392e-53    2.87696e-53    2.87696e-53    2.87696e-53    0.00000e+00
    4.69200e+01    3.34017e-53    6.05323e-53    3.02661e-53    3.02661e-53    3.02661e-53    0.00000e+00
    4.93600e+01    3.51387e-53    6.36802e-53    3.18401e-53    3.18401e-53    3.18401e-53    0.00000e+00
    5.19300e+01    3.69682e-53    6.69958e-53    3.34979e-53    3.34979e-53    3.34979e-53    0.00000e+00
    5.46400e+01    3.88974e-53    7.04920e-53    3.52460e-53    3.52460e-53    3.52460e-53    0.00000e+00
    5.74800e+01    4.09192e-53    7.41559e-53    3.70779e-53    3.70779e-53    3.70779e-53    0.00000e+00
    6.04700e+01    4.30477e-53    7.80133e-53    3.90067e-53    3.90067e-53    3.90067e-53    0.00000e+00
    6.36200e+01    4.52902e-53    8.20772e-53    4.10386e-53    4.10386e-53    4.10386e-53    0.00000e+00
    6.69300e+01    4.76465e-53    8.63475e-53    4.31737e-53    4.31737e-53    4.31737e-53    0.00000e+00
    7.04200e+01    5.01310e-53    9.08500e-53    4.54250e-53    4.54250e-53    4.54250e-53    0.00000e+00
    7.40900e+01    5.27436e-53    9.55847e-53    4.77924e-53    4.77924e-53    4.77924e-53    0.00000e+00
    7.79400e+01    5.54844e-53    1.00552e-52    5.02758e-53    5.02758e-53    5.02758e-53    0.00000e+00
    8.20000e+01    5.83746e-53    1.05790e-52    5.28948e-53    5.28948e-53    5.28948e-53    0.00000e+00
    8.62700e+01    6.14144e-53    1.11298e-52    5.56492e-53    5.56492e-53    5.56492e-53    0.00000e+00
    9.07600e+01    6.46107e-53    1.17091e-52    5.85455e-53    5.85455e-53    5.85455e-53    0.00000e+00
    9.54900e+01    6.79780e-53    1.23193e-52    6.15966e-53    6.15966e-53    6.15966e-53    0.00000e+00
    1.00500e+02    7.15445e-53    1.29657e-52    6.48284e-53    6.48284e-53    6.48284e-53    0.00000e+00
    1.05700e+02    7.52463e-53    1.36365e-52    6.81827e-53    6.81827e-53    6.81827e-53    0.00000e+00
    1.11200e+02    7.91617e-53    1.43461e-52    7.17305e-53    7.17305e-53    7.17305e-53    0.00000e+00
    1.17000e+02    8.32906e-53    1.50944e-52    7.54718e-53    7.54718e-53    7.54718e-53    0.00000e+00
    1.23100e+02    8.76331e-53    1.58813e-52    7.94067e-53    7.94067e-53    7.94067e-53    0.00000e+00
    1.29500e+02    9.21892e-53    1.67070e-52    8.35350e-53    8.35350e-53    8.35350e-53    0.00000e+00
    1.36200e+02    9.69588e-53    1.75714e-52    8.78569e-53    8.78569e-53    8.78569e-53    0.00000e+00
    1.43300e+02    1.02013e-52    1.84874e-52    9.24368e-53    9.24368e-53    9.24368e-53    0.00000e+00
    1.50800e+02    1.07352e-52    1.94550e-52    9.72748e-53    9.72748e-53    9.72748e-53    0.00000e+00
    1.58600e+02    1.12905e-52    2.04612e-52    1.02306e-52    1.02306e-52    1.02306e-52    0.00000e+00
    1.66900e+02    1.18814e-52    2.15320e-52    1.07660e-52    1.07660e-52    1.07660e-52    0.00000e+00
    1.75600e+02    1.25007e-52    2.26544e-52    1.13272e-52    1.13272e-52    1.13272e-52    0.00000e+00
    1.84700e+02    1.31485e-52    2.38285e-52    1.19142e-52    1.19142e-52    1.19142e-52    0.00000e+00
    1.94300e+02    1.38319e-52    2.50670e-52    1.25335e-52    1.25335e-52    1.25335e-52    0.00000e+00
    2.04500e+02    1.45581e-52    2.63829e-52    1.31914e-52    1.31914e-52    1.31914e-52    0.00000e+00
    2.15100e+02    1.53127e-52    2.77504e-52    1.38752e-52    1.38752e-52    1.38752e-52    0.00000e+00
    2.26300e+02    1.61100e-52    2.91953e-52    1.45977e-52    1.45977e-52    1.45977e-52    0.00000e+00
    2.38100e+02    1.69500e-52    3.07177e-52    1.53588e-52    1.53588e-52    1.53588e-52    0.00000e+00
    2.50500e+02    1.78327e-52    3.23174e-52    1.61587e-52    1.61587e-52    1.61587e-52    0.00000e+00
    2.63500e+02    1.87582e-52    3.39946e-52    1.69973e-52    1.69973e-52    1.69973e-52    0.00000e+00
    2.77300e+02    1.97406e-52    3.57749e-52    1.78875e-52    1.78875e-52    1.78875e-52    0.00000e+00
    2.91700e+02    2.07657e-52    3.76327e-52    1.88163e-52    1.88163e-52    1.88163e-52    0.00000e+00
    3.06900e+02    2.18478e-52    3.95937e-52    1.97968e-52    1.97968e-52    1.97968e-52    0.00000e+00
    3.22900e+02    2.29868e-52    4.16579e-52    2.08289e-52    2.08289e-52    2.08289e-52    0.00000e+00
    3.39700e+02    2.41828e-52    4.38253e-52    2.19126e-52    2.19126e-52    2.19126e-52    0.00000e+00
    3.57400e+02    2.54428e-52    4.61088e-52    2.30544e-52    2.30544e-52    2.30544e-52    0.00000e+00
    3.76000e+02    2.67669e-52    4.85084e-52    2.42542e-52    2.42542e-52    2.42542e-52    0.00000e+00
    3.95500e+02    2.81551e-52    5.10241e-52    2.55121e-52    2.55121e-52    2.55121e-52    0.00000e+00
    4.16100e+02    2.96216e-52    5.36817e-52    2.68409e-52    2.68409e-52    2.68409e-52    0.00000e+00
    4.37800e+02    3.11664e-52    5.64813e-52    2.82407e-52    2.82407e-52    2.82407e-52    0.00000e+00
    4.60600e+02    3.27895e-52    5.94228e-52    2.97114e-52    2.97114e-52    2.97114e-52    0.00000e+00
    4.84600e+02    3.44980e-52    6.25190e-52    3.12595e-52    3.12595e-52    3.12595e-52    0.00000e+00
    5.09800e+02    3.62919e-52    6.57701e-52    3.28851e-52    3.28851e-52    3.28851e-52    0.00000e+00
    5.36400e+02    3.81855e-52    6.92019e-52    3.46009e-52    3.46009e-52    3.46009e-52    0.00000e+00
    5.64300e+02    4.01717e-52    7.28013e-52    3.64006e-52    3.64006e-52    3.64006e-52    0.00000e+00
    5.93700e+02    4.22647e-52    7.65942e-52    3.82971e-52    3.82971e-52    3.82971e-52    0.00000e+00
    6.24600e+02    4.44644e-52    8.05807e-52    4.02903e-52    4.02903e-52    4.02903e-52    0.00000e+00
    6.57100e+02    4.67780e-52    8.47736e-52    4.23868e-52    4.23868e-52    4.23868e-52    0.00000e+00
    6.91300e+02    4.92127e-52    8.91858e-52    4.45929e-52    4.45929e-52    4.45929e-52    0.00000e+00
    7.27300e+02    5.17754e-52    9.38302e-52    4.69151e-52    4.69151e-52    4.69151e-52    0.00000e+00
    7.65200e+02    5.44735e-52    9.87197e-52    4.93599e-52    4.93599e-52    4.93599e-52    0.00000e+00
    8.05000e+02    5.73068e-52    1.03854e-51    5.19272e-52    5.19272e-52    5.19272e-52    0.00000e+00
    8.46900e+02    6.02896e-52    1.09260e-51    5.46300e-52    5.46300e-52    5.46300e-52    0.00000e+00
    8.91000e+02    6.34290e-52    1.14949e-51    5.74747e-52    5.74747e-52    5.74747e-52    0.00000e+00
    9.37400e+02    6.67322e-52    1.20936e-51    6.04678e-52    6.04678e-52    6.04678e-52    0.00000e+00
    9.86300e+02    7.02133e-52    1.27244e-51    6.36221e-52    6.36221e-52    6.36221e-52    0.00000e+00
    1.03800e+03    7.38937e-52    1.33914e-51    6.69570e-52    6.69570e-52    6.69570e-52    0.00000e+00
    1.09200e+03    7.77379e-52    1.40881e-51    7.04404e-52    7.04404e-52    7.04404e-52    0.00000e+00
    1.14800e+03    8.17245e-52    1.48105e-51    7.40527e-52    7.40527e-52    7.40527e-52    0.00000e+00
    1.20800e+03    8.59958e-52    1.55846e-51    7.79230e-52    7.79230e-52    7.79230e-52    0.00000e+00
    1.27100e+03    9.04807e-52    1.63974e-51    8.19869e-52    8.19869e-52    8.19869e-52    0.00000e+00
    1.33700e+03    9.51791e-52    1.72489e-51    8.62443e-52    8.62443e-52    8.62443e-52    0.00000e+00
    1.40700e+03    1.00162e-51    1.81519e-51    9.07597e-52    9.07597e-52    9.07597e-52    0.00000e+00
    1.48000e+03    1.05359e-51    1.90937e-51    9.54686e-52    9.54686e-52    9.54686e-52    0.00000e+00
    1.55700e+03    1.10841e-51    2.00871e-51    1.00436e-51    1.00436e-51    1.00436e-51    0.00000e+00
    1.63800e+03    1.16607e-51    2.11321e-51    1.05661e-51    1.05661e-51    1.05661e-51    0.00000e+00
    1.72400e+03    1.22729e-51    2.22416e-51    1.11208e-51    1.11208e-51    1.11208e-51    0.00000e+00
    1.81400e+03    1.29136e-51    2.34027e-51    1.17014e-51    1.17014e-51    1.17014e-51    0.00000e+00
    1.90800e+03    1.35828e-51    2.46154e-51    1.23077e-51    1.23077e-51    1.23077e-51    0.00000e+00
    2.00700e+03    1.42875e-51    2.58926e-51    1.29463e-51    1.29463e-51    1.29463e-51    0.00000e+00
    2.11200e+03    1.50350e-51    2.72473e-51    1.36236e-51    1.36236e-51    1.36236e-51    0.00000e+00
    2.22200e+03    1.58181e-51    2.86664e-51    1.43332e-51    1.43332e-51    1.43332e-51    0.00000e+00
    2.33700e+03    1.66368e-51    3.01500e-51    1.50750e-51    1.50750e-51    1.50750e-51    0.00000e+00
    2.45900e+03    1.75053e-51    3.17240e-51    1.58620e-51    1.58620e-51    1.58620e-51    0.00000e+00
    2.58700e+03    1.84165e-51    3.33753e-51    1.66877e-51    1.66877e-51    1.66877e-51    0.00000e+00
    2.72200e+03    1.93775e-51    3.51170e-51    1.75585e-51    1.75585e-51    1.75585e-51    0.00000e+00
    2.86400e+03    2.03884e-51    3.69489e-51    1.84745e-51    1.84745e-51    1.84745e-51    0.00000e+00
    3.01300e+03    2.14491e-51    3.88712e-51    1.94356e-51    1.94356e-51    1.94356e-51    0.00000e+00
    3.17000e+03    2.25668e-51    4.08967e-51    2.04483e-51    2.04483e-51    2.04483e-51    0.00000e+00
    3.33500e+03    2.37414e-51    4.30254e-51    2.15127e-51    2.15127e-51    2.15127e-51    0.00000e+00
    3.50800e+03    2.49729e-51    4.52573e-51    2.26286e-51    2.26286e-51    2.26286e-51    0.00000e+00
    3.69100e+03    2.62757e-51    4.76182e-51    2.38091e-51    2.38091e-51    2.38091e-51    0.00000e+00
    3.88300e+03    2.76425e-51    5.00952e-51    2.50476e-51    2.50476e-51    2.50476e-51    0.00000e+00
    4.08500e+03    2.90805e-51    5.27013e-51    2.63506e-51    2.63506e-51    2.63506e-51    0.00000e+00
    4.29800e+03    3.05968e-51    5.54492e-51    2.77246e-51    2.77246e-51    2.77246e-51    0.00000e+00
    4.52200e+03    3.21915e-51    5.83391e-51    2.91695e-51    2.91695e-51    2.91695e-51    0.00000e+00
    4.75700e+03    3.38644e-51    6.13708e-51    3.06854e-51    3.06854e-51    3.06854e-51    0.00000e+00
    5.00500e+03    3.56299e-51    6.45703e-51    3.22852e-51    3.22852e-51    3.22852e-51    0.00000e+00
    5.26600e+03    3.74879e-51    6.79375e-51    3.39688e-51    3.39688e-51    3.39688e-51    0.00000e+00
    5.54000e+03    3.94385e-51    7.14725e-51    3.57362e-51    3.57362e-51    3.57362e-51    0.00000e+00
    5.82800e+03    4.14887e-51    7.51880e-51    3.75940e-51    3.75940e-51    3.75940e-51    0.00000e+00
    6.13200e+03    4.36528e-51    7.91099e-51    3.95550e-51    3.95550e-51    3.95550e-51    0.00000e+00
    6.45100e+03    4.59237e-51    8.32254e-51    4.16127e-51    4.16127e-51    4.16127e-51    0.00000e+00
    6.78700e+03    4.83157e-51    8.75602e-51    4.37801e-51    4.37801e-51    4.37801e-51    0.00000e+00
    7.14000e+03    5.08286e-51    9.21143e-51    4.60572e-51    4.60572e-51    4.60572e-51    0.00000e+00
    7.51200e+03    5.34769e-51    9.69136e-51    4.84568e-51    4.84568e-51    4.84568e-51    0.00000e+00
    7.90300e+03    5.62603e-51    1.01958e-50    5.09790e-51    5.09790e-51    5.09790e-51    0.00000e+00
    8.31500e+03    5.91933e-51    1.07273e-50    5.36366e-51    5.36366e-51    5.36366e-51    0.00000e+00
    8.74800e+03    6.22758e-51    1.12859e-50    5.64297e-51    5.64297e-51    5.64297e-51    0.00000e+00
    9.20300e+03    6.55148e-51    1.18729e-50    5.93647e-51    5.93647e-51    5.93647e-51    0.00000e+00
    9.68200e+03    6.89248e-51    1.24909e-50    6.24545e-51    6.24545e-51    6.24545e-51    0.00000e+00
    1.01900e+04    7.25411e-51    1.31463e-50    6.57314e-51    6.57314e-51    6.57314e-51    0.00000e+00
    1.07200e+04    7.63141e-51    1.38300e-50    6.91502e-51    6.91502e-51    6.91502e-51    0.00000e+00
    1.12700e+04    8.02295e-51    1.45396e-50    7.26981e-51    7.26981e-51    7.26981e-51    0.00000e+00
    1.18600e+04    8.44296e-51    1.53008e-50    7.65039e-51    7.65039e-51    7.65039e-51    0.00000e+00
    1.24800e+04    8.88433e-51    1.61007e-50    8.05033e-51    8.05033e-51    8.05033e-51    0.00000e+00
    1.31300e+04    9.34706e-51    1.69392e-50    8.46962e-51    8.46962e-51    8.46962e-51    0.00000e+00
    1.38100e+04    9.83114e-51    1.78165e-50    8.90825e-51    8.90825e-51    8.90825e-51    0.00000e+00
    1.45300e+04    1.03437e-50    1.87454e-50    9.37270e-51    9.37270e-51    9.37270e-51    0.00000e+00
    1.52900e+04    1.08847e-50    1.97259e-50    9.86294e-51    9.86294e-51    9.86294e-51    0.00000e+00
    1.60800e+04    1.14471e-50    2.07451e-50    1.03725e-50    1.03725e-50    1.03725e-50    0.00000e+00
    1.69200e+04    1.20451e-50    2.18288e-50    1.09144e-50    1.09144e-50    1.09144e-50    0.00000e+00
    1.78000e+04    1.26716e-50    2.29641e-50    1.14820e-50    1.14820e-50    1.14820e-50    0.00000e+00
    1.87300e+04    1.33336e-50    2.41639e-50    1.20819e-50    1.20819e-50    1.20819e-50    0.00000e+00
    1.97100e+04    1.40313e-50    2.54282e-50    1.27141e-50    1.27141e-50    1.27141e-50    0.00000e+00
    2.07300e+04    1.47574e-50    2.67441e-50    1.33721e-50    1.33721e-50    1.33721e-50    0.00000e+00
    2.18100e+04    1.55262e-50    2.81374e-50    1.40687e-50    1.40687e-50    1.40687e-50    0.00000e+00
    2.29500e+04    1.63378e-50    2.96082e-50    1.48041e-50    1.48041e-50    1.48041e-50    0.00000e+00
    2.41400e+04    1.71849e-50    3.11434e-50    1.55717e-50    1.55717e-50    1.55717e-50    0.00000e+00
    2.54000e+04    1.80819e-50    3.27690e-50    1.63845e-50    1.63845e-50    1.63845e-50    0.00000e+00
    2.67200e+04    1.90216e-50    3.44719e-50    1.72360e-50    1.72360e-50    1.72360e-50    0.00000e+00
    2.81100e+04    2.00111e-50    3.62652e-50    1.81326e-50    1.81326e-50    1.81326e-50    0.00000e+00
    2.95800e+04    2.10576e-50    3.81616e-50    1.90808e-50    1.90808e-50    1.90808e-50    0.00000e+00
    3.11200e+04    2.21539e-50    4.01484e-50    2.00742e-50    2.00742e-50    2.00742e-50    0.00000e+00
    3.27400e+04    2.33071e-50    4.22384e-50    2.11192e-50    2.11192e-50    2.11192e-50    0.00000e+00
    3.44400e+04    2.45173e-50    4.44316e-50    2.22158e-50    2.22158e-50    2.22158e-50    0.00000e+00
    3.62300e+04    2.57916e-50    4.67409e-50    2.33705e-50    2.33705e-50    2.33705e-50    0.00000e+00
    3.81200e+04    2.71371e-50    4.91792e-50    2.45896e-50    2.45896e-50    2.45896e-50    0.00000e+00
    4.01100e+04    2.85537e-50    5.17466e-50    2.58733e-50    2.58733e-50    2.58733e-50    0.00000e+00
    4.21900e+04    3.00345e-50    5.44300e-50    2.72150e-50    2.72150e-50    2.72150e-50    0.00000e+00
    4.43900e+04    3.16006e-50    5.72683e-50    2.86341e-50    2.86341e-50    2.86341e-50    0.00000e+00
    4.67000e+04    3.32451e-50    6.02484e-50    3.01242e-50    3.01242e-50    3.01242e-50    0.00000e+00
    4.91300e+04    3.49749e-50    6.33834e-50    3.16917e-50    3.16917e-50    3.16917e-50    0.00000e+00
    5.16900e+04    3.67974e-50    6.66861e-50    3.33431e-50    3.33431e-50    3.33431e-50    0.00000e+00
    5.43800e+04    3.87123e-50    7.01565e-50    3.50783e-50    3.50783e-50    3.50783e-50    0.00000e+00
    5.72200e+04    4.07341e-50    7.38205e-50    3.69102e-50    3.69102e-50    3.69102e-50    0.00000e+00
    6.01900e+04    4.28484e-50    7.76521e-50    3.88261e-50    3.88261e-50    3.88261e-50    0.00000e+00
    6.33300e+04    4.50837e-50    8.17031e-50    4.08515e-50    4.08515e-50    4.08515e-50    0.00000e+00
    6.66300e+04    4.74329e-50    8.59605e-50    4.29802e-50    4.29802e-50    4.29802e-50    0.00000e+00
    7.01000e+04    4.99032e-50    9.04372e-50    4.52186e-50    4.52186e-50    4.52186e-50    0.00000e+00
    7.37500e+04    5.25016e-50    9.51461e-50    4.75730e-50    4.75730e-50    4.75730e-50    0.00000e+00
    7.75900e+04    5.52352e-50    1.00100e-49    5.00501e-50    5.00501e-50    5.00501e-50    0.00000e+00
    8.16300e+04    5.81112e-50    1.05312e-49    5.26561e-50    5.26561e-50    5.26561e-50    0.00000e+00
    8.58800e+04    6.11367e-50    1.10795e-49    5.53976e-50    5.53976e-50    5.53976e-50    0.00000e+00
    9.03500e+04    6.43189e-50    1.16562e-49    5.82810e-50    5.82810e-50    5.82810e-50    0.00000e+00
    9.50500e+04    6.76647e-50    1.22626e-49    6.13128e-50    6.13128e-50    6.13128e-50    0.00000e+00
    1.00000e+05    7.11886e-50    1.29012e-49    6.45058e-50    6.45058e-50    6.45058e-50    0.00000e+00
